0.000000000000000000e+00
0.000000000000000000e+00
0.000000000000000000e+00
-4.806654103712892055e-03
-1.319041639959862566e-01
-6.028016706981536021e-01
-6.241657227555764686e-01
1.638915268026627903e+00
5.669629383427863267e+00
8.933902810655762750e+00
9.951086678939663699e+00
9.789319875960936557e+00
1.132846115884738580e+01
1.437347042776722361e+01
1.415746699989307267e+01
5.024083075901075723e+00
-1.019741510566815634e+01
-2.260845110676886804e+01
-2.727043138494009256e+01
-2.497182637830037066e+01
-1.879721541964561382e+01
-1.045452221475240151e+01
6.641640120793130819e-01
1.049606994422930484e+01
1.038900970142083402e+01
-9.523867618060887219e-01
-1.825796560789726186e+01
-3.377667338549773035e+01
-4.223540746975902493e+01
-4.500706957286074328e+01
-4.440471471674011639e+01
-4.142653213322231665e+01
-3.606814671106384651e+01
-2.800044310525483127e+01
-1.791948891969604318e+01
-7.718018671032536915e+00
6.226434425161893049e-01
6.121996410787929221e+00
8.892911487109174118e+00
1.075057647441952646e+01
1.503448033387600802e+01
2.277297040258793004e+01
3.370015340371219992e+01
4.575048224866834801e+01
5.745054414560465261e+01
6.596566101370311230e+01
6.837466388416977736e+01
6.148380743176063845e+01
4.162273407389375990e+01
1.364225050169819653e+01
-1.171999297019746678e+01
-2.661811582571338874e+01
-2.828957115761400587e+01
-2.242478586499459681e+01
-2.006471347326124288e+01
-2.184805373360015324e+01
-1.774669426066463984e+01
-4.322398983324788446e+00
1.382616773114602893e+01
2.935138405452039123e+01
3.499270238165932767e+01
2.660227081230340929e+01
1.040553089037758028e+01
-6.277453916022200930e-01
-2.042334032269011779e+00
2.699226174982900101e-02
-2.597538708812998642e+00
-1.197506479525122280e+01
-2.605425112129832144e+01
-3.720706784780025345e+01
-3.488418292423064315e+01
-1.963738532590202368e+01
-8.327207170601800268e-01
1.503093346502757832e+01
2.505370590451553170e+01
2.811613381642526477e+01
2.364952563595120694e+01
1.055634003592084191e+01
-6.823171590809021581e+00
-2.051377326997454631e+01
-2.568103732676842554e+01
-2.157133561238207875e+01
-1.066530900558218597e+01
4.192281986446898756e+00
1.878212570480447141e+01
2.890582162551338286e+01
3.257770288220119426e+01
3.021766336619616666e+01
2.427015347665555112e+01
1.887244904210692553e+01
1.913194171183665304e+01
2.383546314598955007e+01
2.672339093481291883e+01
2.389155702377783186e+01
1.503870122379868057e+01
3.472677156057290659e+00
-6.322437507005010282e+00
-1.192959077346252528e+01
-1.223758970645876154e+01
-6.026067393424810348e+00
3.946469777193973183e+00
1.217915786493682972e+01
1.565169904459524730e+01
1.480363954469611976e+01
1.177075294799568539e+01
8.242865040063648507e+00
5.070283424752930479e+00
2.866306397373842962e+00
2.042611582594348274e+00
2.968489116080990975e+00
4.828897890682204874e+00
6.025999801583170168e+00
5.427041204613697545e+00
2.455202314878792258e+00
-2.700777117072537870e+00
-9.945600196803715320e+00
-1.716843881863771770e+01
-2.109354752133445032e+01
-2.051881892357025805e+01
-1.564310186056687968e+01
-6.449844613820305383e+00
3.797250152311997695e+00
9.401871756714710315e+00
8.934527701881489037e+00
5.276327268928215020e+00
2.984408646778676788e-01
-6.979744324084458107e+00
-1.315739175998876576e+01
-1.016080729592272291e+01
1.681252762766785480e+00
1.501764285022044376e+01
2.578043902039857471e+01
3.194957678334257167e+01
3.184763737478800039e+01
2.624594830887068753e+01
1.778285904738967460e+01
8.924916741825207112e+00
1.422933375086687935e+00
-4.349412905898582871e+00
-9.632121564887643927e+00
-1.422428807652910088e+01
-1.652936018850366651e+01
-1.732700710828019197e+01
-2.036975096277019759e+01
-2.517288684790062803e+01
-2.718791302423121437e+01
-2.432623801559352472e+01
-1.801522128964953140e+01
-1.072399736640446122e+01
-4.222208430810015400e+00
2.322882364874574446e+00
1.237217099819317845e+01
2.427500284978698986e+01
3.211115591697343064e+01
3.289971879352784612e+01
2.783415074586170235e+01
1.977413656704891309e+01
9.442410604371209715e+00
-5.610402781951814077e+00
-2.256623554534550635e+01
-3.510086618616961118e+01
-4.164960908134622741e+01
-4.405001915714186111e+01
-4.545196874490038397e+01
-4.551131483435239033e+01
-4.108363482829535229e+01
-3.182964831483307222e+01
-2.227013961461112146e+01
-1.943906221992255468e+01
-2.297206192528985014e+01
-2.706313242449430234e+01
-2.942619785523520903e+01
-2.933981204465012738e+01
-2.615397016712013212e+01
-2.107236415157879605e+01
-1.502733110857895760e+01
-7.545562478522111149e+00
2.202191808339216461e+00
1.573591978019242177e+01
2.989990173196361667e+01
3.843054770643198026e+01
3.866167557203555560e+01
3.092720723285464857e+01
1.557386495428703554e+01
-4.502901304888951906e+00
-2.570203968913519788e+01
-4.115035706773088009e+01
-4.229318122940794211e+01
-3.015959889973504104e+01
-1.529682863314033980e+01
-8.617870182282505453e+00
-1.102243237009508903e+01
-1.590831606919947738e+01
-1.615016168758453219e+01
-6.277072672659192776e+00
1.148124333549841758e+01
3.048536399019509702e+01
4.405117496145392408e+01
4.797888904515515662e+01
4.280828846378322794e+01
3.212533882667059970e+01
1.851899154429191796e+01
1.906377372488307298e+00
-1.278177694014791221e+01
-1.588142576743158862e+01
-7.278468335401333533e+00
2.622831975598540311e+00
3.324754857245387107e+00
-6.633291612003940685e+00
-2.315768878091082428e+01
-4.023280352311245167e+01
-5.370578978406787485e+01
-6.087265698620267784e+01
-6.066794251204844102e+01
-5.332615147916395415e+01
-3.957063510365301795e+01
-2.094992573455304097e+01
1.674013267537146188e+00
2.352092163351949949e+01
3.767625512792711362e+01
4.294658220929085957e+01
4.448158552894743423e+01
4.443807434273027468e+01
4.068311234282317201e+01
3.430655605262562347e+01
3.094332694962372088e+01
3.037079903159229133e+01
2.602985933327399692e+01
1.611701820356322656e+01
4.663085682897731843e+00
-4.310863117951301504e+00
-7.923966034053735896e+00
-3.561785105631721571e+00
5.895084340261110611e+00
1.365363479768853239e+01
1.521307777946743833e+01
9.308980587878306068e+00
-8.856646356922792673e-01
-1.023072923750250851e+01
-1.519891487894773618e+01
