0.000000000000000000e+00
0.000000000000000000e+00
0.000000000000000000e+00
-8.781142981540689119e-02
-2.409720564279096422e+00
-1.145151769538767894e+01
-2.345252397131618949e+01
-2.758917621688739530e+01
-2.101690091096415358e+01
-9.694070169459386932e+00
3.138453724559079339e-01
6.041640836505600909e+00
6.685659941659937822e+00
3.843429798641698092e+00
-9.870817462159339750e-02
-4.325463344882366279e+00
-1.012228715495433562e+01
-2.083586129820452371e+01
-3.371987908119697863e+01
-4.136454496416427418e+01
-4.038555874136883972e+01
-3.299431816699596709e+01
-2.397214368505476756e+01
-1.827114933110345163e+01
-2.077450419214287436e+01
-2.924410622364999313e+01
-3.652989397149151785e+01
-3.776622207354675709e+01
-2.933037206920395334e+01
-7.172023308652629936e+00
2.172113822988393395e+01
4.270608933557160469e+01
4.886344060486079144e+01
4.091850581835348066e+01
2.040460010656728684e+01
-5.280331318118744122e+00
-2.528118332259965229e+01
-3.421722421615855581e+01
-3.306971325320326827e+01
-2.281083757020427782e+01
-9.850019122187623211e-01
2.585394958326499548e+01
4.423980083653779616e+01
5.125284921142693406e+01
5.656985045405879475e+01
6.077295095680327108e+01
5.290458214328825193e+01
3.491215804914800458e+01
2.356452281095736723e+01
2.389624599995065779e+01
2.633980961592637726e+01
2.340912427168801813e+01
1.458355815616601170e+01
4.800523366999056130e+00
9.152246438029347786e-01
3.019058460417332501e+00
5.297074233448094915e+00
5.823678117816766253e+00
8.351796314427428314e+00
1.332401036968152930e+01
1.652923265413422271e+01
1.472653780787643107e+01
1.012686303095899376e+01
8.801006733051368158e+00
1.184432376425436750e+01
1.814435506056101488e+01
3.126813310475096586e+01
5.071635342422285930e+01
7.303258804254679148e+01
9.308832186919477181e+01
1.083062751928891885e+02
1.142525195074327939e+02
1.050804936771932319e+02
8.115695734532320671e+01
4.978915929757907577e+01
1.979776617650274417e+01
-5.330506119403368714e+00
-2.854628850583177879e+01
-4.842284504745753537e+01
-5.895705548377776495e+01
-5.671353508470262739e+01
-4.187934308702797637e+01
-2.274287000179649354e+01
-1.266051706704802271e+01
-1.452641393673621906e+01
-2.137368394260768412e+01
-2.621888121155363649e+01
-2.642759640534037402e+01
-2.352147015589526546e+01
-1.966781947227693550e+01
-1.633835852645049158e+01
-1.398072091685209628e+01
-1.266922334988908716e+01
-1.211344894493831958e+01
-1.208908749517673797e+01
-1.186571413379050455e+01
-1.042402692810019182e+01
-7.738968319251914529e+00
-6.648639363387331969e+00
-1.252575873786209826e+01
-2.345758387781554433e+01
-3.156478406205015474e+01
-3.252543710359770301e+01
-2.934003921505870593e+01
-2.972497636642574292e+01
-3.422067823380116636e+01
-3.701198062250988130e+01
-3.537940505402564639e+01
-3.025701587365442791e+01
-2.389754284344363455e+01
-1.756623532374698016e+01
-1.135291910491599410e+01
-5.889662774554086155e+00
-2.640307011353779210e+00
-2.012049975945417124e+00
-3.449402964317489051e+00
-5.453763201312206377e+00
-6.320368577007581479e+00
-5.594335964341115464e+00
-5.940587916410898117e+00
-1.267377108233988992e+01
-2.267045160823784045e+01
-2.542044480950514895e+01
-1.812521184039733413e+01
-6.649441363778715086e+00
2.710353437017493317e+00
6.602670331893190081e+00
3.585079903846922100e+00
-8.072440104174587461e+00
-2.387762025979839819e+01
-3.715876648942498406e+01
-4.829132510567754366e+01
-5.838281250261726996e+01
-6.765794253769742284e+01
-7.268845084549073476e+01
-6.726673576366417251e+01
-4.854439493475066314e+01
-2.216631540061724692e+01
3.370438939680579615e+00
2.483971918155192782e+01
4.001318754308746861e+01
4.614639269458739079e+01
4.302358630494497049e+01
3.281992883227025004e+01
2.096436257643095757e+01
1.455578623432330332e+01
1.443188898940388043e+01
1.591069841894943160e+01
1.545668639538083866e+01
1.247279043791082742e+01
5.911436612699318083e+00
-7.494248182796662050e+00
-2.444447967640753916e+01
-3.652799609535769321e+01
-3.942617767349936742e+01
-3.441409363627669649e+01
-2.513844195048867647e+01
-1.374587272146416517e+01
3.279598805403429185e-01
1.470415089833423217e+01
2.573613291183242069e+01
3.402607887124409558e+01
4.062928455466413169e+01
4.602957078826150195e+01
4.806084149500661340e+01
4.307770024561933297e+01
3.178128560910345257e+01
2.142546664621015395e+01
2.228219801211651685e+01
3.263125008004644201e+01
3.910014106288718949e+01
3.032446534437189456e+01
9.279691173999657039e+00
-1.245380043904556189e+01
-2.754985985875400445e+01
-3.290657345192879291e+01
-2.677599300927302295e+01
-1.523754257553531488e+01
-1.055898174063187511e+01
-1.518695936890863152e+01
-2.174063293232419625e+01
-2.416787224661429789e+01
-1.847255778309885699e+01
-2.438157005257963333e-02
2.676683773420448631e+01
5.166370592458547151e+01
6.585597888759315310e+01
6.489678394097006731e+01
5.159074107223904093e+01
3.090186287116361896e+01
4.395010649505096012e+00
-2.270704666025703844e+01
-4.244129148909048865e+01
-4.933337925903265386e+01
-4.116097163823216931e+01
-2.015565156128306512e+01
1.082264777745871953e+01
4.234667803245045548e+01
6.186782178945848898e+01
6.480062654906583930e+01
5.475731238803365386e+01
3.625657949383199252e+01
1.050927450481109915e+01
-1.531887091318752603e+01
-2.910112611233012103e+01
-2.819240791701289339e+01
-2.153274407102207988e+01
-2.070063619361013707e+01
-2.543355273677364536e+01
-2.555796561339031214e+01
-1.798084041884602868e+01
-8.519403824678049020e+00
-5.934156451155430112e-01
8.231356595596306391e+00
1.902399929815651802e+01
3.066867133659974698e+01
3.916739034860128754e+01
3.962631303176197406e+01
3.208607996407550189e+01
2.082281610316087495e+01
1.129299177363224871e+01
8.456855646740908838e+00
1.092484532436031941e+01
1.239906052622943378e+01
7.817460063810225179e+00
-5.998565093800989345e+00
-2.643336668659868138e+01
-4.865147756212162733e+01
-6.556050092536925433e+01
-7.039104463614833662e+01
-6.251252468409602159e+01
-4.354214832849220329e+01
-1.273414261748312271e+01
2.355103951222661962e+01
5.459604647247213904e+01
7.198384204859488023e+01
7.195870390078738410e+01
5.608105655415518243e+01
2.757444004229048318e+01
-4.931593362939178604e+00
