6 23 15
6 27 14
6 28 14
6 29 14
6 37 12
7 23 16
7 24 12
7 26 10
7 27 11
7 32 11
7 32 13
7 32 14
7 34 18
7 39 12
8 19 14
8 32 9
8 33 12
8 34 10
8 34 17
8 36 17
8 37 12
8 38 14
8 40 11
8 40 12
8 40 13
9 19 12
9 22 12
9 25 21
9 25 24
9 26 18
9 27 12
9 27 15
9 29 11
9 29 21
9 30 14
9 32 11
9 34 19
9 35 21
9 36 20
9 37 6
9 37 12
9 37 21
9 38 18
9 40 10
10 20 19
10 20 20
10 22 22
10 23 14
10 23 18
10 23 22
10 23 24
10 25 20
10 26 21
10 27 13
10 29 13
10 29 14
10 29 17
10 29 21
10 31 14
10 32 13
10 32 15
10 32 20
10 33 24
10 34 17
10 37 18
10 40 9
11 10 17
11 12 15
11 14 15
11 14 17
11 18 14
11 18 27
11 20 10
11 21 13
11 21 22
11 22 19
11 23 15
11 23 17
11 24 0
11 24 10
11 24 21
11 25 10
11 25 13
11 25 18
11 25 20
11 26 9
11 27 18
11 27 20
11 28 10
11 28 21
11 29 10
11 30 22
11 30 23
11 31 13
11 32 14
11 32 15
11 33 17
11 34 13
11 38 4
11 38 12
11 39 20
11 39 21
11 40 6
11 41 8
11 42 9
11 43 1
11 43 18
11 44 16
11 45 6
11 45 15
12 8 16
12 9 15
12 14 13
12 16 12
12 16 13
12 17 14
12 18 15
12 18 16
12 19 16
12 20 13
12 20 15
12 20 16
12 21 20
12 21 22
12 22 9
12 22 10
12 22 14
12 23 0
12 23 15
12 23 20
12 23 29
12 24 14
12 24 17
12 26 16
12 26 21
12 27 13
12 28 16
12 28 24
12 29 9
12 29 19
12 29 22
12 30 9
12 30 18
12 30 20
12 30 22
12 31 15
12 31 16
12 32 8
12 33 1
12 35 1
12 35 25
12 39 2
12 40 15
12 41 20
12 42 4
12 42 9
12 42 18
12 43 7
12 44 7
12 45 17
12 46 9
13 8 17
13 10 16
13 15 20
13 16 13
13 18 15
13 19 15
13 20 15
13 20 16
13 20 22
13 22 1
13 22 15
13 22 19
13 23 15
13 24 0
13 24 17
13 24 20
13 25 16
13 26 12
13 27 10
13 28 18
13 29 10
13 29 22
13 29 23
13 30 15
13 30 16
13 30 17
13 31 14
13 32 11
13 32 21
13 33 16
13 33 23
13 34 8
13 36 13
13 37 13
13 37 21
13 39 12
13 40 5
13 43 1
13 43 3
13 43 19
13 44 1
13 45 7
13 45 8
13 45 11
13 45 18
13 46 17
14 9 19
14 16 16
14 16 20
14 17 16
14 17 19
14 18 12
14 18 19
14 18 23
14 19 15
14 19 20
14 21 15
14 21 20
14 22 14
14 23 25
14 24 18
14 25 17
14 25 19
14 26 19
14 26 20
14 27 13
14 27 21
14 28 18
14 28 19
14 28 21
14 29 11
14 29 19
14 29 20
14 29 30
14 32 20
14 32 22
14 33 2
14 33 14
14 33 22
14 34 14
14 34 20
14 35 13
14 36 13
14 38 1
14 38 11
14 41 22
14 45 11
14 46 7
14 47 15
14 48 17
14 49 9
14 49 15
14 49 18
14 50 11
15 10 18
15 13 21
15 14 11
15 14 18
15 16 8
15 16 12
15 16 22
15 17 17
15 17 20
15 18 19
15 19 23
15 19 26
15 20 14
15 20 17
15 20 21
15 21 0
15 21 12
15 21 16
15 22 12
15 23 19
15 23 22
15 24 12
15 26 10
15 26 11
15 26 27
15 27 19
15 28 24
15 29 1
15 29 9
15 29 16
15 30 0
15 30 13
15 30 16
15 30 17
15 30 19
15 31 22
15 33 22
15 34 10
15 35 9
15 35 22
15 36 19
15 37 6
15 37 12
15 38 7
15 39 1
15 39 17
15 44 14
15 44 15
15 44 22
15 46 7
15 48 15
15 50 11
15 50 12
16 11 13
16 11 14
16 13 15
16 15 15
16 15 22
16 16 12
16 16 15
16 16 22
16 17 14
16 17 17
16 18 0
16 18 16
16 18 23
16 19 15
16 20 18
16 20 25
16 21 15
16 21 21
16 22 19
16 22 27
16 23 12
16 23 16
16 23 22
16 23 26
16 24 1
16 24 20
16 25 24
16 26 1
16 27 10
16 27 11
16 27 16
16 28 11
16 28 24
16 29 1
16 29 17
16 29 24
16 30 1
16 30 8
16 30 9
16 30 11
16 30 16
16 30 22
16 32 1
16 32 19
16 32 20
16 32 25
16 34 17
16 34 21
16 35 1
16 35 9
16 36 22
16 37 0
16 37 8
16 37 12
16 37 13
16 37 21
16 38 22
16 39 8
16 39 15
16 39 21
16 40 8
16 40 12
16 40 14
16 40 15
16 41 15
16 42 11
16 42 15
16 43 9
16 43 14
16 44 17
16 45 10
16 46 9
16 49 9
16 51 12
17 7 17
17 8 7
17 8 19
17 8 23
17 10 11
17 12 19
17 12 23
17 13 14
17 14 13
17 14 20
17 15 13
17 16 17
17 16 20
17 17 19
17 18 9
17 19 8
17 19 13
17 19 14
17 19 21
17 19 25
17 20 0
17 20 9
17 20 19
17 21 14
17 22 8
17 22 16
17 22 18
17 24 0
17 24 1
17 24 17
17 25 9
17 25 10
17 25 15
17 25 19
17 26 12
17 27 12
17 27 13
17 27 18
17 27 21
17 27 28
17 28 17
17 29 17
17 30 18
17 30 23
17 31 13
17 31 25
17 32 16
17 32 23
17 34 12
17 35 14
17 35 15
17 36 12
17 36 15
17 36 18
17 36 21
17 37 21
17 37 23
17 38 14
17 38 17
17 40 22
17 41 13
17 41 21
17 42 13
17 42 15
17 43 26
17 44 19
17 45 13
17 49 8
17 49 9
17 50 11
18 7 17
18 9 25
18 10 10
18 10 19
18 11 28
18 12 17
18 12 20
18 14 9
18 15 13
18 15 14
18 15 23
18 16 12
18 17 8
18 17 13
18 17 16
18 18 18
18 18 19
18 18 20
18 18 22
18 18 25
18 19 12
18 19 23
18 21 26
18 22 14
18 22 22
18 22 26
18 23 15
18 24 18
18 25 1
18 25 2
18 25 13
18 27 10
18 27 26
18 28 15
18 28 17
18 29 10
18 29 17
18 29 27
18 30 32
18 31 11
18 31 19
18 32 14
18 32 27
18 34 13
18 35 5
18 35 7
18 35 24
18 36 14
18 36 20
18 36 21
18 36 25
18 37 0
18 37 9
18 37 10
18 37 13
18 37 14
18 38 23
18 40 5
18 40 17
18 40 19
18 42 12
18 42 16
18 43 13
18 43 19
18 45 10
18 45 15
18 45 18
18 46 7
18 47 8
18 47 12
18 48 3
18 49 12
18 52 12
18 54 11
19 6 21
19 7 3
19 7 17
19 9 9
19 11 12
19 11 19
19 12 20
19 12 29
19 13 10
19 14 5
19 15 14
19 16 11
19 16 21
19 17 17
19 17 18
19 17 27
19 19 18
19 19 21
19 19 23
19 20 19
19 21 17
19 22 24
19 22 26
19 23 13
19 23 26
19 24 1
19 24 15
19 25 17
19 26 13
19 26 19
19 26 27
19 27 1
19 27 16
19 27 17
19 28 17
19 30 13
19 30 27
19 31 11
19 31 19
19 31 28
19 32 13
19 32 17
19 33 15
19 34 1
19 34 17
19 34 24
19 35 1
19 35 19
19 36 10
19 36 12
19 36 20
19 36 22
19 36 23
19 37 17
19 38 11
19 40 6
19 40 19
19 40 20
19 41 18
19 42 15
19 42 21
19 44 11
19 44 22
19 47 3
19 48 16
19 50 14
19 53 12
20 5 8
20 5 13
20 6 8
20 8 5
20 8 26
20 9 18
20 9 27
20 10 2
20 10 16
20 11 21
20 11 22
20 12 3
20 12 14
20 13 14
20 13 23
20 13 24
20 14 4
20 14 16
20 14 17
20 15 17
20 16 15
20 16 16
20 16 25
20 17 15
20 17 21
20 17 22
20 18 17
20 18 27
20 18 28
20 20 15
20 20 16
20 20 18
20 20 23
20 22 23
20 23 13
20 25 17
20 25 23
20 26 17
20 26 22
20 26 24
20 26 25
20 26 26
20 27 17
20 28 17
20 28 18
20 29 24
20 30 0
20 31 0
20 31 20
20 31 26
20 32 0
20 32 14
20 32 24
20 33 7
20 33 20
20 34 4
20 34 10
20 34 23
20 36 10
20 36 23
20 37 22
20 38 12
20 38 25
20 39 11
20 39 13
20 39 16
20 39 23
20 41 17
20 41 18
20 42 23
20 43 20
20 44 0
20 45 5
20 45 13
20 48 12
20 48 16
20 48 19
20 50 22
20 52 10
20 54 12
21 5 9
21 6 18
21 8 6
21 9 14
21 12 5
21 12 6
21 12 16
21 12 22
21 13 7
21 13 8
21 13 19
21 13 26
21 14 4
21 14 16
21 14 17
21 15 16
21 15 20
21 16 0
21 16 4
21 17 0
21 17 12
21 18 12
21 18 20
21 18 27
21 19 0
21 19 2
21 19 23
21 20 26
21 20 27
21 21 9
21 21 24
21 22 19
21 23 11
21 23 15
21 23 22
21 24 1
21 24 21
21 25 1
21 25 17
21 25 28
21 26 11
21 26 25
21 26 27
21 27 15
21 27 20
21 29 7
21 29 14
21 29 18
21 29 21
21 29 26
21 30 17
21 30 29
21 31 14
21 31 29
21 32 1
21 32 18
21 32 29
21 33 10
21 33 15
21 33 21
21 34 18
21 34 22
21 35 18
21 35 21
21 36 14
21 36 23
21 37 14
21 37 16
21 37 23
21 37 25
21 39 18
21 39 21
21 41 13
21 43 1
21 44 0
21 44 2
21 44 9
21 44 19
21 44 22
21 45 0
21 45 15
21 46 17
21 48 18
21 48 19
21 49 16
21 50 10
21 54 16
21 55 14
22 4 10
22 4 11
22 5 9
22 7 13
22 8 7
22 8 16
22 9 17
22 11 4
22 11 11
22 11 30
22 13 16
22 13 22
22 13 23
22 14 11
22 14 14
22 14 24
22 15 3
22 15 13
22 15 14
22 15 17
22 16 14
22 16 15
22 16 21
22 16 25
22 17 5
22 17 12
22 19 23
22 19 24
22 20 5
22 20 23
22 21 1
22 21 2
22 21 9
22 21 19
22 21 22
22 22 1
22 22 7
22 22 23
22 22 30
22 23 11
22 23 22
22 23 24
22 24 1
22 27 27
22 28 15
22 29 17
22 29 25
22 30 18
22 30 20
22 31 22
22 32 19
22 32 20
22 33 26
22 35 10
22 35 17
22 35 20
22 35 23
22 37 11
22 37 14
22 39 21
22 40 19
22 41 7
22 41 10
22 41 11
22 41 13
22 41 22
22 42 10
22 42 13
22 42 15
22 43 20
22 44 15
22 45 6
22 46 12
22 46 19
22 47 9
22 47 13
22 50 7
22 50 9
22 51 14
23 4 11
23 4 22
23 5 6
23 7 6
23 8 12
23 8 17
23 8 28
23 10 2
23 10 15
23 11 23
23 12 14
23 13 16
23 14 3
23 14 14
23 14 20
23 15 2
23 15 18
23 15 19
23 16 3
23 16 14
23 16 16
23 17 10
23 17 17
23 17 18
23 17 26
23 18 25
23 19 26
23 20 23
23 20 24
23 20 28
23 21 5
23 22 0
23 22 24
23 23 30
23 24 20
23 25 23
23 26 1
23 26 13
23 27 30
23 28 26
23 29 20
23 30 19
23 30 29
23 31 21
23 31 23
23 31 30
23 32 8
23 32 10
23 33 21
23 33 26
23 34 8
23 34 10
23 34 14
23 34 26
23 35 9
23 35 11
23 35 22
23 35 24
23 35 25
23 35 26
23 35 27
23 36 16
23 37 15
23 37 22
23 38 14
23 38 17
23 39 19
23 40 21
23 40 25
23 41 16
23 41 17
23 42 24
23 43 2
23 44 3
23 44 9
23 44 22
23 45 7
23 45 14
23 45 18
23 46 14
23 46 18
23 46 19
23 47 10
23 47 11
23 47 20
23 48 16
23 48 18
23 49 2
23 49 10
23 49 19
23 51 15
23 52 8
24 0 15
24 1 15
24 3 21
24 5 6
24 6 13
24 6 27
24 8 2
24 8 20
24 8 21
24 9 3
24 9 21
24 9 23
24 10 4
24 10 15
24 10 16
24 10 19
24 11 5
24 11 14
24 11 22
24 12 7
24 12 13
24 13 1
24 14 8
24 14 17
24 14 18
24 14 22
24 14 26
24 15 7
24 15 20
24 16 1
24 16 6
24 16 10
24 16 14
24 16 15
24 17 26
24 18 23
24 18 24
24 18 26
24 20 7
24 21 12
24 21 21
24 21 28
24 22 1
24 22 18
24 22 26
24 23 6
24 23 12
24 23 18
24 24 6
24 24 12
24 24 14
24 24 21
24 24 22
24 24 27
24 25 1
24 25 12
24 25 20
24 25 26
24 26 16
24 26 29
24 27 15
24 27 19
24 28 8
24 28 10
24 29 18
24 29 25
24 29 28
24 31 8
24 31 26
24 31 27
24 31 28
24 31 30
24 32 10
24 32 16
24 32 18
24 32 19
24 32 20
24 33 19
24 33 21
24 34 21
24 35 24
24 36 21
24 37 7
24 37 20
24 38 9
24 41 17
24 43 19
24 45 13
24 45 14
24 47 16
24 47 17
24 48 13
24 50 11
24 50 16
24 51 15
24 52 13
25 3 22
25 4 7
25 5 8
25 5 9
25 6 17
25 7 4
25 8 7
25 8 9
25 10 11
25 11 13
25 11 22
25 12 14
25 12 18
25 12 19
25 12 21
25 13 16
25 13 19
25 13 26
25 14 18
25 14 20
25 14 22
25 15 33
25 16 17
25 17 10
25 17 16
25 17 21
25 18 19
25 18 25
25 18 28
25 18 30
25 19 5
25 20 8
25 20 27
25 21 8
25 21 9
25 21 22
25 21 25
25 22 2
25 22 7
25 23 2
25 23 15
25 23 18
25 23 20
25 23 21
25 24 13
25 24 22
25 25 18
25 26 26
25 26 29
25 27 18
25 27 25
25 27 28
25 28 11
25 28 25
25 28 28
25 29 14
25 29 17
25 30 22
25 30 28
25 31 11
25 31 17
25 31 21
25 31 30
25 32 13
25 32 24
25 33 17
25 33 28
25 34 19
25 34 28
25 36 12
25 36 22
25 37 13
25 37 14
25 37 15
25 38 21
25 38 22
25 38 26
25 42 14
25 42 23
25 43 18
25 43 19
25 43 21
25 44 7
25 44 8
25 44 20
25 45 23
25 46 14
25 46 15
25 46 18
25 46 20
25 47 11
25 48 26
25 49 13
25 51 10
25 52 7
26 5 2
26 5 6
26 6 5
26 6 27
26 8 4
26 9 18
26 10 0
26 10 10
26 10 15
26 10 20
26 11 10
26 11 21
26 11 22
26 12 14
26 12 22
26 12 24
26 13 10
26 13 17
26 13 18
26 13 24
26 15 15
26 15 33
26 16 18
26 17 8
26 17 17
26 17 27
26 18 6
26 18 8
26 18 19
26 19 10
26 19 24
26 20 10
26 20 22
26 20 29
26 21 13
26 21 23
26 21 26
26 21 27
26 22 9
26 23 16
26 23 18
26 23 21
26 23 25
26 24 12
26 24 16
26 24 24
26 24 30
26 25 27
26 27 21
26 30 12
26 30 21
26 30 24
26 30 28
26 31 9
26 31 16
26 31 21
26 31 25
26 31 27
26 32 30
26 33 11
26 33 18
26 33 23
26 34 28
26 35 26
26 36 26
26 37 18
26 38 26
26 39 19
26 39 20
26 39 22
26 39 26
26 40 14
26 43 22
26 44 8
26 44 17
26 44 19
26 44 25
26 47 5
26 47 17
26 48 8
26 49 8
26 49 19
26 51 12
27 3 24
27 5 5
27 6 18
27 6 19
27 7 13
27 7 18
27 7 20
27 7 29
27 8 21
27 9 2
27 9 15
27 9 16
27 9 18
27 10 11
27 10 13
27 10 15
27 11 13
27 11 18
27 12 3
27 12 15
27 12 16
27 12 25
27 13 26
27 14 15
27 14 18
27 15 14
27 16 3
27 17 10
27 17 14
27 17 24
27 18 18
27 18 24
27 18 29
27 19 11
27 19 22
27 19 28
27 19 30
27 20 10
27 20 26
27 21 7
27 21 14
27 21 31
27 22 28
27 22 31
27 23 0
27 23 22
27 24 11
27 24 12
27 24 18
27 24 19
27 24 22
27 24 28
27 25 12
27 26 17
27 26 20
27 26 26
27 26 31
27 27 19
27 27 25
27 28 19
27 28 29
27 29 13
27 29 14
27 29 16
27 29 26
27 30 12
27 30 25
27 31 18
27 31 25
27 31 32
27 32 17
27 32 19
27 33 12
27 33 17
27 33 27
27 34 12
27 34 18
27 35 18
27 36 18
27 36 21
27 36 23
27 36 24
27 36 25
27 36 26
27 37 12
27 38 12
27 38 27
27 39 25
27 39 26
27 40 25
27 41 23
27 42 25
27 43 18
27 44 23
27 49 7
27 50 9
27 51 17
27 53 7
27 53 11
27 55 12
27 55 17
28 3 9
28 7 14
28 7 20
28 7 21
28 9 0
28 9 13
28 9 15
28 10 4
28 10 16
28 10 22
28 10 23
28 12 17
28 12 20
28 13 0
28 13 4
28 13 12
28 14 9
28 15 5
28 15 15
28 16 0
28 16 1
28 16 6
28 17 18
28 17 20
28 17 29
28 18 19
28 18 25
28 18 29
28 19 21
28 20 4
28 20 7
28 20 26
28 21 7
28 21 16
28 21 31
28 22 20
28 22 21
28 22 25
28 22 30
28 23 28
28 24 17
28 24 21
28 24 26
28 24 28
28 25 18
28 25 20
28 25 24
28 25 25
28 25 30
28 26 17
28 26 23
28 26 26
28 27 21
28 27 26
28 28 11
28 28 15
28 28 17
28 29 14
28 29 19
28 29 21
28 29 24
28 29 26
28 29 32
28 30 19
28 30 22
28 31 15
28 31 18
28 31 22
28 34 11
28 34 19
28 34 20
28 35 16
28 35 24
28 36 18
28 36 23
28 37 13
28 37 15
28 37 19
28 37 26
28 39 7
28 39 25
28 40 8
28 40 21
28 41 16
28 41 17
28 42 23
28 43 5
28 43 9
28 44 19
28 45 19
28 46 6
28 46 9
28 46 17
28 47 12
28 47 18
28 48 14
28 48 16
28 50 10
28 51 11
28 51 13
28 52 13
28 53 12
29 3 13
29 4 9
29 4 11
29 5 11
29 7 21
29 7 22
29 7 23
29 8 13
29 8 21
29 9 20
29 9 31
29 10 4
29 10 15
29 10 19
29 10 25
29 11 4
29 11 5
29 12 21
29 12 23
29 13 8
29 13 16
29 13 20
29 13 23
29 13 24
29 14 26
29 15 16
29 16 0
29 16 16
29 16 27
29 17 0
29 17 28
29 18 11
29 18 15
29 18 23
29 19 6
29 19 10
29 21 10
29 21 26
29 21 28
29 22 4
29 22 12
29 22 13
29 22 20
29 22 30
29 23 4
29 23 5
29 23 18
29 23 19
29 23 21
29 24 11
29 24 25
29 24 29
29 25 9
29 26 6
29 26 7
29 26 10
29 26 25
29 26 27
29 27 14
29 27 25
29 27 26
29 28 14
29 28 15
29 28 22
29 30 13
29 30 18
29 30 20
29 30 22
29 30 24
29 31 20
29 31 25
29 32 18
29 33 10
29 33 11
29 33 16
29 34 12
29 34 15
29 34 16
29 34 17
29 35 12
29 35 13
29 35 14
29 35 23
29 36 12
29 37 19
29 39 19
29 39 21
29 40 6
29 42 8
29 42 13
29 42 22
29 42 25
29 43 7
29 43 18
29 44 6
29 45 6
29 45 13
29 45 16
29 45 20
29 47 5
29 48 10
29 48 12
29 48 18
29 50 25
29 51 13
30 8 23
30 8 24
30 9 16
30 10 14
30 10 23
30 10 24
30 10 26
30 11 15
30 12 15
30 13 18
30 13 19
30 14 5
30 14 6
30 14 16
30 14 19
30 14 20
30 14 21
30 15 25
30 16 0
30 17 0
30 17 12
30 17 14
30 17 18
30 17 25
30 17 27
30 18 4
30 18 11
30 18 13
30 18 21
30 19 8
30 19 16
30 20 2
30 20 18
30 20 21
30 20 31
30 21 16
30 21 19
30 21 20
30 21 23
30 21 28
30 22 10
30 22 12
30 22 14
30 22 15
30 22 16
30 22 17
30 22 19
30 22 29
30 22 31
30 23 9
30 23 12
30 23 21
30 23 26
30 23 32
30 24 6
30 24 13
30 24 22
30 24 23
30 24 25
30 24 27
30 25 12
30 25 15
30 26 8
30 26 23
30 26 26
30 26 27
30 27 5
30 27 8
30 27 13
30 27 16
30 27 24
30 27 32
30 28 12
30 28 20
30 29 12
30 29 29
30 30 16
30 30 26
30 31 20
30 31 29
30 32 28
30 33 19
30 33 25
30 34 10
30 34 12
30 34 15
30 35 9
30 35 13
30 35 17
30 35 27
30 36 9
30 36 11
30 36 16
30 36 23
30 36 29
30 37 14
30 37 15
30 37 25
30 37 26
30 37 28
30 38 17
30 38 28
30 40 11
30 41 14
30 42 12
30 42 14
30 42 17
30 42 25
30 43 4
30 43 12
30 43 14
30 43 16
30 43 18
30 44 16
30 44 17
30 44 22
30 45 8
30 45 11
30 45 16
30 45 22
30 45 29
30 46 6
30 46 21
30 47 7
30 48 12
30 49 20
30 51 15
30 51 18
30 53 7
30 55 16
30 56 13
31 1 7
31 6 7
31 7 19
31 8 16
31 9 20
31 9 23
31 9 25
31 10 14
31 10 18
31 11 11
31 11 18
31 13 10
31 13 16
31 13 23
31 13 25
31 14 0
31 14 5
31 14 11
31 14 13
31 14 18
31 14 19
31 14 20
31 15 1
31 15 14
31 15 19
31 16 0
31 16 10
31 16 12
31 16 23
31 17 0
31 17 9
31 17 10
31 17 11
31 17 13
31 17 17
31 17 29
31 18 12
31 18 21
31 20 20
31 20 21
31 20 22
31 20 24
31 20 26
31 21 21
31 21 23
31 22 12
31 22 15
31 22 16
31 22 18
31 22 21
31 22 28
31 23 13
31 23 18
31 24 12
31 24 26
31 24 29
31 25 13
31 25 27
31 25 28
31 25 29
31 25 32
31 26 7
31 26 13
31 26 14
31 26 25
31 26 26
31 26 29
31 27 12
31 27 22
31 27 25
31 28 10
31 28 25
31 28 31
31 29 6
31 29 23
31 30 13
31 30 28
31 31 10
31 31 20
31 31 23
31 31 30
31 32 21
31 32 24
31 32 25
31 33 24
31 33 26
31 34 14
31 34 24
31 35 10
31 35 20
31 35 21
31 35 29
31 36 14
31 36 19
31 37 15
31 38 14
31 38 20
31 38 23
31 38 24
31 39 8
31 39 9
31 39 11
31 39 18
31 39 20
31 40 19
31 41 17
31 41 23
31 42 14
31 42 17
31 42 19
31 42 21
31 42 25
31 43 8
31 43 11
31 43 21
31 43 24
31 44 20
31 44 30
31 46 12
31 46 18
31 47 18
31 48 17
31 53 11
31 56 12
31 56 14
32 0 20
32 1 21
32 3 7
32 3 9
32 5 15
32 7 16
32 7 18
32 9 16
32 10 20
32 10 21
32 11 25
32 12 25
32 12 26
32 13 21
32 14 13
32 14 21
32 16 0
32 16 8
32 16 19
32 17 0
32 17 3
32 17 15
32 18 18
32 18 28
32 18 29
32 19 3
32 19 8
32 19 28
32 19 29
32 20 2
32 20 12
32 20 13
32 20 28
32 21 2
32 21 15
32 21 20
32 21 21
32 21 27
32 21 32
32 22 4
32 22 5
32 22 9
32 22 12
32 22 14
32 22 15
32 22 20
32 22 21
32 22 26
32 22 27
32 23 11
32 23 25
32 23 26
32 23 30
32 23 32
32 24 8
32 24 28
32 25 8
32 25 14
32 25 15
32 25 26
32 25 27
32 25 28
32 25 31
32 26 5
32 26 16
32 26 25
32 26 26
32 26 31
32 27 25
32 29 20
32 29 25
32 29 32
32 30 6
32 30 13
32 30 14
32 30 26
32 31 14
32 31 23
32 32 13
32 32 23
32 32 25
32 32 30
32 33 16
32 33 18
32 33 24
32 33 25
32 33 26
32 34 31
32 35 18
32 35 21
32 36 18
32 36 19
32 36 29
32 37 17
32 37 25
32 38 12
32 38 16
32 38 17
32 39 6
32 39 13
32 39 16
32 39 18
32 40 6
32 40 12
32 40 23
32 40 24
32 40 26
32 41 14
32 41 27
32 41 28
32 42 7
32 42 9
32 42 16
32 43 16
32 43 18
32 43 19
32 43 22
32 43 26
32 44 9
32 44 18
32 45 22
32 46 13
32 46 19
32 47 8
32 48 17
32 49 17
32 50 16
32 51 10
32 51 12
33 1 21
33 5 14
33 6 15
33 7 0
33 7 18
33 8 20
33 8 23
33 9 11
33 9 16
33 9 18
33 9 24
33 9 25
33 10 18
33 10 24
33 11 19
33 12 21
33 12 33
33 13 0
33 13 16
33 13 17
33 13 27
33 14 4
33 14 24
33 15 22
33 16 0
33 16 4
33 16 10
33 16 19
33 17 0
33 17 26
33 17 29
33 18 22
33 18 28
33 19 20
33 19 26
33 19 28
33 20 4
33 20 28
33 20 30
33 21 23
33 21 24
33 21 26
33 22 4
33 22 10
33 22 14
33 22 24
33 22 28
33 23 6
33 23 25
33 24 6
33 24 8
33 24 15
33 24 24
33 24 28
33 25 7
33 25 15
33 25 21
33 25 30
33 25 32
33 26 8
33 27 24
33 27 31
33 28 7
33 28 24
33 29 15
33 29 23
33 29 28
33 30 14
33 30 20
33 30 29
33 30 31
33 30 32
33 31 6
33 31 9
33 31 16
33 31 21
33 31 29
33 32 6
33 32 20
33 32 27
33 33 13
33 33 16
33 33 26
33 34 10
33 35 12
33 35 14
33 35 31
33 36 21
33 36 30
33 37 22
33 38 23
33 38 25
33 38 28
33 40 10
33 40 23
33 40 24
33 41 22
33 42 18
33 42 22
33 43 20
33 44 13
33 44 16
33 44 21
33 45 19
33 46 9
33 46 17
33 47 15
33 48 5
33 48 7
33 48 14
33 49 15
33 50 10
33 51 2
33 51 13
33 51 14
33 55 21
34 2 22
34 3 12
34 4 3
34 4 14
34 4 15
34 5 14
34 6 10
34 6 19
34 7 22
34 8 23
34 11 12
34 11 22
34 11 23
34 12 3
34 12 12
34 12 18
34 12 21
34 13 12
34 13 20
34 13 22
34 13 26
34 14 16
34 14 21
34 14 25
34 15 5
34 15 9
34 15 18
34 15 21
34 15 28
34 16 0
34 16 7
34 16 8
34 16 15
34 16 26
34 17 0
34 17 16
34 18 4
34 18 5
34 18 10
34 18 12
34 19 10
34 19 11
34 19 16
34 19 28
34 20 6
34 20 21
34 20 27
34 20 29
34 21 22
34 21 24
34 22 8
34 22 14
34 22 19
34 23 7
34 23 14
34 23 20
34 23 21
34 24 12
34 24 21
34 25 10
34 25 13
34 25 18
34 26 6
34 27 14
34 27 17
34 27 22
34 27 24
34 28 11
34 28 22
34 28 24
34 29 15
34 29 17
34 29 18
34 29 31
34 30 16
34 30 26
34 30 28
34 31 17
34 31 24
34 31 31
34 32 28
34 33 14
34 33 22
34 35 25
34 36 13
34 36 26
34 36 27
34 36 31
34 37 11
34 37 18
34 37 19
34 37 22
34 37 24
34 37 28
34 39 20
34 40 9
34 40 24
34 42 20
34 43 7
34 43 18
34 44 14
34 44 21
34 44 22
34 46 8
34 46 9
34 46 17
34 46 27
34 47 22
34 48 16
34 49 21
34 50 11
34 50 13
34 50 21
34 56 18
34 63 18
35 4 26
35 6 2
35 6 15
35 6 20
35 7 11
35 7 15
35 8 12
35 8 17
35 8 21
35 9 4
35 9 16
35 9 25
35 10 16
35 11 9
35 11 22
35 12 18
35 12 19
35 13 8
35 13 10
35 15 19
35 15 28
35 16 5
35 16 7
35 16 18
35 16 27
35 18 25
35 20 4
35 20 24
35 21 4
35 21 8
35 21 14
35 21 28
35 21 31
35 22 28
35 23 6
35 23 11
35 23 17
35 23 26
35 24 1
35 24 8
35 24 11
35 24 12
35 24 14
35 25 27
35 26 10
35 26 12
35 27 8
35 27 19
35 27 26
35 28 8
35 28 14
35 28 15
35 28 25
35 30 12
35 30 14
35 30 17
35 30 24
35 31 20
35 32 15
35 32 23
35 32 26
35 32 28
35 33 10
35 33 19
35 33 22
35 34 22
35 34 28
35 35 18
35 35 22
35 35 24
35 35 31
35 36 10
35 36 11
35 36 31
35 37 24
35 37 25
35 38 24
35 39 11
35 39 27
35 40 15
35 40 21
35 41 11
35 41 22
35 42 18
35 42 21
35 44 8
35 46 9
35 47 10
35 48 13
35 49 12
35 49 14
35 49 16
35 49 17
35 50 6
35 50 11
35 51 10
35 51 15
35 53 9
35 62 15
36 6 8
36 7 10
36 7 16
36 7 18
36 8 5
36 8 14
36 9 0
36 9 5
36 9 12
36 9 23
36 10 12
36 10 16
36 10 22
36 10 23
36 11 16
36 12 8
36 12 16
36 12 18
36 13 7
36 13 22
36 13 25
36 15 1
36 15 4
36 15 27
36 16 21
36 16 22
36 17 7
36 17 11
36 17 15
36 17 25
36 17 29
36 18 8
36 18 9
36 18 10
36 18 14
36 18 22
36 18 24
36 19 9
36 20 3
36 20 8
36 20 9
36 20 16
36 20 20
36 20 21
36 20 26
36 20 30
36 21 14
36 22 5
36 22 7
36 23 1
36 24 1
36 24 12
36 24 26
36 24 28
36 25 14
36 26 14
36 26 16
36 26 26
36 27 8
36 27 31
36 28 8
36 28 18
36 28 28
36 29 12
36 29 24
36 30 7
36 30 19
36 30 21
36 30 22
36 30 28
36 30 29
36 31 13
36 31 16
36 31 18
36 31 19
36 32 14
36 32 17
36 33 10
36 34 19
36 34 24
36 34 28
36 35 13
36 35 16
36 36 11
36 36 30
36 37 6
36 37 14
36 37 17
36 37 24
36 38 11
36 39 9
36 39 24
36 41 9
36 41 16
36 42 14
36 42 19
36 43 9
36 43 19
36 44 8
36 45 13
36 47 5
36 48 6
36 48 8
36 48 12
36 48 18
36 48 19
36 49 13
36 49 18
36 50 17
36 50 19
36 51 17
36 52 7
36 53 6
36 55 15
37 2 7
37 3 8
37 4 6
37 4 11
37 5 11
37 5 16
37 7 16
37 7 19
37 8 3
37 8 17
37 8 22
37 8 23
37 9 30
37 10 6
37 10 23
37 11 11
37 12 11
37 12 20
37 12 22
37 12 23
37 13 7
37 13 14
37 13 18
37 13 19
37 14 16
37 14 19
37 14 23
37 14 25
37 14 27
37 15 19
37 15 22
37 16 18
37 16 23
37 17 13
37 17 15
37 17 28
37 18 5
37 18 16
37 18 20
37 18 27
37 19 12
37 19 22
37 19 23
37 20 8
37 20 24
37 20 30
37 21 5
37 21 17
37 21 28
37 22 14
37 23 8
37 23 27
37 24 17
37 24 19
37 25 1
37 25 24
37 26 11
37 26 30
37 27 14
37 27 16
37 27 31
37 28 11
37 29 15
37 30 16
37 30 28
37 31 12
37 31 26
37 31 28
37 33 18
37 33 19
37 33 29
37 34 27
37 35 22
37 35 27
37 35 29
37 36 28
37 36 29
37 37 18
37 37 29
37 38 22
37 40 13
37 41 13
37 41 19
37 42 11
37 42 14
37 42 21
37 44 5
37 44 9
37 44 23
37 45 15
37 45 18
37 45 19
37 45 21
37 46 5
37 46 9
37 46 13
37 47 7
37 48 13
37 48 18
37 50 11
37 50 18
37 51 17
37 54 9
38 0 12
38 1 12
38 3 10
38 4 11
38 4 13
38 5 5
38 5 8
38 6 10
38 7 4
38 7 19
38 8 1
38 9 16
38 9 19
38 10 6
38 10 13
38 10 20
38 10 22
38 10 31
38 11 11
38 12 12
38 12 16
38 12 22
38 12 26
38 13 9
38 13 25
38 13 26
38 14 14
38 14 22
38 14 27
38 14 28
38 15 22
38 15 23
38 15 24
38 16 4
38 16 9
38 16 17
38 16 20
38 16 26
38 17 18
38 18 17
38 18 22
38 19 21
38 20 30
38 21 5
38 21 8
38 21 13
38 21 29
38 23 0
38 23 15
38 24 0
38 24 11
38 24 31
38 25 1
38 25 11
38 25 15
38 25 16
38 26 8
38 26 28
38 27 1
38 27 14
38 27 19
38 28 16
38 28 22
38 29 25
38 30 22
38 30 27
38 31 15
38 31 21
38 31 29
38 32 10
38 32 13
38 33 8
38 33 12
38 33 17
38 33 25
38 33 29
38 34 24
38 34 27
38 34 29
38 35 9
38 35 11
38 35 27
38 36 22
38 36 26
38 37 26
38 39 23
38 40 12
38 41 19
38 41 21
38 42 16
38 43 8
38 43 13
38 43 18
38 43 21
38 43 23
38 44 10
38 45 8
38 46 14
38 46 16
38 47 8
38 47 11
38 47 14
38 48 9
38 48 18
38 49 14
38 49 18
38 49 25
38 53 6
39 2 19
39 2 20
39 4 9
39 7 17
39 8 14
39 8 20
39 9 18
39 10 2
39 10 21
39 11 4
39 11 11
39 11 21
39 12 25
39 13 10
39 13 17
39 13 22
39 13 28
39 14 2
39 14 16
39 14 26
39 15 2
39 15 19
39 16 4
39 16 25
39 17 12
39 17 17
39 17 28
39 17 29
39 18 5
39 18 20
39 18 22
39 18 24
39 18 29
39 19 5
39 19 12
39 19 17
39 19 19
39 20 12
39 21 7
39 22 22
39 23 14
39 23 21
39 23 27
39 25 12
39 25 14
39 25 25
39 26 23
39 27 12
39 27 26
39 28 14
39 29 13
39 29 14
39 30 13
39 30 14
39 31 20
39 31 21
39 32 18
39 32 29
39 33 7
39 33 14
39 33 25
39 33 29
39 34 25
39 34 28
39 35 11
39 35 20
39 35 25
39 36 13
39 36 16
39 36 17
39 36 25
39 37 12
39 37 16
39 37 21
39 38 12
39 38 23
39 39 14
39 39 17
39 41 12
39 43 15
39 43 17
39 45 11
39 45 12
39 46 11
39 46 19
39 47 14
39 48 14
39 48 17
39 49 7
39 49 20
39 50 15
39 51 8
39 51 12
39 52 13
39 53 6
39 53 18
40 2 17
40 5 11
40 6 17
40 7 6
40 7 16
40 8 13
40 8 20
40 9 15
40 12 11
40 12 31
40 13 18
40 13 23
40 15 6
40 15 8
40 15 14
40 15 26
40 16 26
40 17 0
40 17 19
40 17 21
40 17 24
40 19 4
40 19 27
40 20 19
40 21 1
40 21 17
40 21 20
40 21 25
40 22 1
40 22 18
40 23 27
40 24 24
40 26 22
40 27 1
40 27 12
40 27 22
40 27 26
40 28 1
40 28 13
40 28 27
40 29 0
40 29 19
40 29 26
40 30 19
40 30 21
40 30 27
40 30 28
40 32 17
40 32 24
40 33 16
40 33 17
40 33 27
40 34 15
40 34 16
40 34 21
40 34 24
40 36 7
40 37 9
40 37 15
40 37 17
40 37 20
40 37 23
40 37 25
40 38 4
40 38 6
40 38 13
40 38 24
40 38 25
40 39 10
40 39 13
40 39 18
40 40 12
40 40 23
40 41 14
40 41 18
40 41 20
40 42 14
40 42 20
40 43 11
40 44 12
40 45 1
40 45 7
40 46 4
40 46 15
40 46 18
40 46 21
40 47 9
40 48 9
40 48 13
40 49 18
40 50 15
40 51 1
40 52 12
41 6 7
41 7 6
41 7 8
41 8 11
41 9 8
41 9 13
41 10 17
41 10 21
41 11 21
41 12 5
41 12 6
41 12 18
41 12 24
41 12 25
41 15 10
41 15 27
41 16 6
41 16 14
41 16 23
41 17 10
41 17 11
41 18 15
41 18 16
41 18 18
41 18 24
41 18 27
41 19 6
41 19 9
41 19 26
41 19 29
41 20 0
41 20 14
41 20 19
41 20 29
41 22 1
41 22 6
41 22 17
41 22 20
41 23 14
41 23 25
41 23 26
41 24 27
41 25 1
41 25 12
41 25 29
41 26 28
41 27 0
41 27 1
41 27 15
41 27 23
41 28 13
41 29 13
41 29 29
41 30 0
41 30 20
41 30 21
41 30 24
41 31 18
41 31 22
41 31 25
41 32 4
41 32 11
41 32 16
41 32 26
41 34 3
41 34 10
41 35 10
41 35 15
41 35 26
41 36 13
41 37 5
41 37 12
41 37 22
41 38 5
41 38 10
41 39 10
41 39 13
41 39 18
41 40 9
41 40 20
41 40 23
41 41 15
41 42 9
41 42 11
41 42 15
41 42 19
41 43 2
41 43 5
41 43 10
41 43 12
41 43 19
41 43 20
41 44 9
41 44 22
41 46 8
41 46 9
41 46 13
41 47 5
41 51 1
42 6 8
42 8 5
42 8 13
42 8 15
42 8 17
42 9 3
42 9 8
42 9 17
42 9 22
42 9 23
42 11 4
42 11 7
42 11 20
42 12 5
42 12 21
42 13 9
42 13 20
42 13 24
42 13 26
42 14 3
42 14 4
42 14 5
42 14 11
42 15 13
42 15 17
42 15 23
42 16 22
42 18 14
42 18 15
42 18 18
42 18 23
42 19 20
42 19 21
42 19 24
42 20 12
42 20 19
42 20 20
42 20 22
42 20 27
42 21 25
42 21 27
42 22 1
42 22 12
42 22 17
42 23 19
42 23 21
42 24 23
42 25 19
42 25 20
42 25 23
42 25 25
42 26 15
42 26 20
42 27 0
42 28 0
42 28 11
42 28 15
42 28 18
42 29 0
42 29 9
42 29 15
42 29 22
42 29 23
42 30 10
42 30 21
42 30 24
42 31 1
42 31 7
42 31 18
42 31 26
42 32 0
42 32 16
42 32 33
42 33 0
42 33 8
42 33 16
42 33 23
42 34 16
42 34 21
42 35 27
42 36 15
42 37 5
42 37 15
42 37 20
42 37 23
42 38 4
42 38 19
42 40 15
42 40 18
42 40 19
42 40 20
42 41 8
42 41 14
42 42 7
42 42 22
42 43 9
42 44 8
42 44 9
42 45 0
42 45 10
42 45 17
42 46 0
42 46 11
42 47 0
42 47 16
43 4 20
43 5 11
43 6 7
43 8 13
43 8 28
43 9 13
43 9 14
43 9 15
43 10 22
43 11 20
43 12 5
43 12 16
43 12 21
43 13 8
43 13 17
43 13 19
43 13 20
43 14 9
43 14 23
43 14 25
43 14 26
43 15 21
43 15 24
43 16 22
43 17 1
43 17 9
43 17 15
43 17 27
43 18 15
43 18 21
43 18 24
43 18 25
43 19 8
43 20 12
43 20 27
43 21 21
43 21 25
43 21 26
43 22 12
43 22 13
43 23 0
43 23 23
43 23 28
43 24 16
43 25 0
43 25 19
43 25 20
43 26 0
43 26 1
43 26 13
43 26 26
43 26 27
43 27 1
43 27 15
43 28 12
43 28 14
43 29 21
43 29 27
43 30 9
43 30 14
43 31 6
43 31 7
43 31 10
43 31 13
43 32 0
43 34 0
43 34 13
43 34 27
43 35 12
43 36 10
43 36 11
43 36 14
43 36 25
43 37 12
43 37 20
43 38 10
43 38 20
43 39 20
43 40 5
43 40 15
43 40 17
43 40 21
43 40 22
43 41 9
43 41 15
43 42 19
43 42 22
43 43 20
43 43 22
43 44 8
43 44 12
43 44 14
43 44 16
43 44 19
43 44 22
43 45 10
43 45 12
43 46 18
43 47 25
43 48 12
43 48 13
43 48 14
43 49 14
43 49 15
43 49 16
43 50 10
43 52 18
43 53 15
44 6 6
44 8 26
44 9 14
44 9 15
44 10 11
44 10 15
44 11 8
44 11 23
44 13 23
44 14 7
44 15 15
44 15 20
44 15 22
44 15 32
44 16 0
44 16 12
44 16 14
44 16 17
44 16 18
44 16 24
44 17 0
44 17 21
44 17 26
44 17 27
44 17 28
44 18 12
44 18 15
44 18 24
44 18 26
44 18 27
44 18 28
44 19 0
44 19 10
44 19 15
44 19 23
44 19 25
44 19 26
44 20 13
44 20 23
44 21 11
44 21 25
44 22 20
44 22 26
44 23 28
44 24 1
44 24 26
44 25 1
44 25 13
44 26 2
44 27 1
44 27 10
44 27 13
44 27 15
44 27 25
44 28 13
44 28 23
44 28 24
44 28 28
44 29 9
44 29 17
44 29 22
44 30 8
44 30 21
44 30 22
44 31 10
44 31 12
44 31 33
44 32 0
44 33 22
44 33 25
44 33 33
44 34 22
44 35 6
44 35 12
44 35 22
44 35 25
44 36 20
44 37 17
44 38 7
44 38 12
44 38 15
44 38 20
44 39 18
44 40 10
44 40 12
44 41 7
44 41 14
44 41 19
44 41 21
44 42 9
44 42 10
44 42 14
44 42 15
44 42 20
44 42 21
44 43 11
44 43 17
44 44 11
44 44 16
44 44 19
44 45 10
44 45 19
44 49 10
44 49 11
44 50 20
44 50 22
44 52 16
44 53 13
45 6 16
45 6 20
45 7 7
45 7 9
45 10 15
45 11 9
45 11 22
45 12 9
45 12 15
45 13 22
45 13 23
45 14 20
45 14 21
45 14 22
45 14 23
45 15 11
45 15 12
45 16 15
45 17 14
45 18 10
45 18 26
45 19 1
45 19 16
45 19 21
45 19 24
45 19 25
45 19 26
45 19 32
45 20 0
45 20 18
45 20 28
45 21 27
45 22 15
45 23 11
45 24 16
45 24 19
45 24 21
45 24 27
45 25 2
45 25 19
45 25 24
45 25 33
45 26 2
45 26 13
45 26 17
45 26 33
45 27 17
45 28 11
45 28 27
45 29 27
45 30 9
45 30 11
45 30 17
45 30 19
45 30 24
45 30 26
45 30 27
45 31 11
45 31 22
45 32 23
45 33 8
45 33 9
45 33 16
45 33 21
45 33 22
45 33 25
45 34 25
45 35 11
45 36 16
45 36 20
45 36 25
45 37 0
45 37 11
45 37 16
45 37 22
45 37 23
45 38 8
45 38 16
45 38 22
45 38 23
45 39 3
45 40 3
45 40 19
45 40 27
45 41 20
45 42 15
45 44 19
45 45 10
45 45 16
45 46 8
45 46 10
45 46 17
45 46 24
45 47 15
45 48 10
45 48 12
45 48 23
45 49 10
45 53 14
46 6 7
46 8 19
46 8 23
46 9 21
46 10 22
46 11 12
46 12 15
46 13 12
46 13 18
46 13 20
46 14 1
46 14 18
46 14 20
46 14 22
46 15 14
46 16 14
46 16 21
46 17 0
46 17 1
46 17 13
46 17 16
46 17 19
46 19 0
46 19 6
46 19 20
46 19 21
46 19 32
46 20 12
46 20 17
46 21 8
46 21 27
46 22 0
46 22 12
46 23 21
46 24 17
46 24 24
46 25 11
46 26 23
46 26 26
46 27 17
46 27 24
46 28 1
46 28 14
46 28 19
46 28 27
46 29 0
46 29 14
46 29 15
46 29 22
46 29 23
46 29 27
46 30 8
46 30 20
46 32 10
46 32 23
46 33 0
46 33 24
46 34 8
46 34 20
46 35 6
46 35 14
46 35 17
46 36 12
46 36 15
46 36 18
46 37 12
46 37 13
46 38 6
46 38 17
46 39 12
46 41 1
46 41 12
46 41 18
46 42 4
46 42 9
46 42 13
46 42 15
46 42 16
46 42 25
46 42 26
46 43 1
46 43 11
46 43 13
46 43 16
46 44 11
46 45 4
46 45 5
46 45 9
46 45 20
46 45 23
46 46 10
46 46 16
46 46 22
46 47 10
46 48 8
46 48 10
46 50 10
46 50 12
46 50 13
46 51 13
47 11 27
47 12 18
47 15 14
47 15 21
47 15 24
47 17 15
47 17 20
47 18 19
47 18 23
47 18 31
47 19 18
47 19 26
47 20 19
47 21 13
47 22 16
47 22 18
47 22 21
47 24 1
47 24 19
47 25 19
47 26 16
47 26 22
47 27 12
47 27 16
47 28 24
47 29 12
47 29 21
47 29 24
47 30 15
47 30 23
47 32 10
47 32 12
47 32 14
47 32 18
47 32 21
47 33 0
47 33 13
47 34 11
47 34 12
47 34 14
47 35 12
47 36 4
47 36 16
47 38 15
47 38 17
47 39 2
47 39 13
47 39 17
47 39 22
47 43 16
47 46 13
47 47 6
47 47 10
47 48 11
47 49 7
47 50 11
48 8 20
48 12 11
48 15 18
48 16 14
48 16 23
48 17 20
48 19 20
48 19 22
48 19 31
48 20 14
48 20 23
48 20 24
48 21 31
48 22 13
48 22 25
48 23 17
48 23 24
48 24 12
48 24 16
48 24 19
48 25 11
48 25 19
48 25 22
48 25 23
48 25 24
48 26 12
48 27 10
48 27 12
48 27 16
48 28 13
48 28 18
48 29 12
48 29 14
48 29 15
48 29 20
48 29 21
48 29 24
48 30 15
48 30 18
48 31 8
48 31 16
48 33 14
48 33 23
48 35 13
48 35 16
48 35 19
48 36 15
48 37 16
48 37 19
48 38 8
48 38 19
48 38 20
48 39 13
48 40 0
48 40 17
48 40 23
48 44 0
48 44 7
48 45 4
48 46 7
48 47 15
48 49 13
48 49 15
49 7 17
49 10 18
49 12 19
49 15 11
49 15 16
49 17 21
49 18 13
49 18 18
49 19 13
49 19 16
49 19 17
49 20 9
49 20 12
49 20 16
49 20 17
49 20 24
49 21 10
49 21 16
49 21 17
49 22 31
49 23 14
49 23 21
49 23 22
49 24 19
49 25 20
49 26 10
49 26 13
49 27 12
49 27 15
49 27 16
49 27 17
49 27 18
49 29 8
49 30 15
49 30 20
49 30 22
49 31 20
49 32 13
49 32 19
49 34 15
49 35 11
49 36 7
49 36 17
49 37 0
49 37 19
49 38 1
49 38 16
49 38 19
49 38 25
49 43 1
49 43 3
49 43 5
49 44 2
49 44 6
49 44 19
49 45 5
49 45 6
49 46 7
49 46 11
49 47 10
49 48 10
50 10 15
50 10 16
50 15 13
50 16 17
50 17 15
50 17 21
50 18 11
50 20 12
50 20 17
50 21 10
50 21 16
50 21 19
50 21 22
50 21 23
50 22 17
50 23 16
50 24 15
50 24 19
50 24 20
50 24 23
50 25 1
50 25 10
50 25 14
50 25 18
50 25 22
50 25 24
50 26 8
50 27 1
50 27 9
50 27 16
50 27 19
50 27 22
50 28 8
50 28 17
50 28 23
50 30 10
50 30 13
50 30 14
50 30 15
50 30 17
50 30 22
50 32 7
50 32 16
50 32 19
50 32 22
50 33 12
50 33 19
50 34 17
50 38 1
50 38 13
50 39 1
50 39 8
50 39 17
50 40 19
50 44 5
50 45 7
50 45 16
50 46 9
50 47 9
50 47 10
50 47 13
51 14 15
51 18 17
51 19 16
51 19 21
51 20 11
51 20 15
51 20 17
51 20 20
51 20 22
51 21 13
51 21 20
51 21 21
51 22 12
51 22 14
51 22 19
51 23 11
51 23 18
51 23 22
51 24 19
51 24 21
51 25 16
51 25 21
51 26 17
51 26 21
51 26 26
51 27 11
51 27 20
51 27 23
51 28 11
51 29 11
51 29 28
51 30 9
51 30 16
51 30 21
51 32 18
51 35 22
51 36 7
51 36 22
51 38 4
51 39 8
51 40 11
51 40 14
51 40 18
51 41 18
51 42 17
51 43 7
51 43 8
51 44 8
51 45 12
51 46 11
52 17 17
52 18 15
52 19 17
52 20 13
52 20 19
52 21 11
52 21 19
52 21 20
52 22 13
52 22 18
52 23 18
52 23 19
52 24 10
52 24 19
52 25 20
52 26 16
52 26 23
52 27 14
52 28 12
52 28 21
52 29 17
52 29 27
52 30 19
52 30 20
52 32 5
52 33 17
52 34 17
52 34 23
52 35 10
52 36 21
52 37 19
52 38 5
52 39 10
52 40 7
52 41 8
52 42 8
52 42 17
52 42 18
52 43 13
52 43 15
52 43 17
52 44 15
53 18 15
53 23 12
53 24 11
53 27 16
53 28 18
53 29 13
53 29 15
53 29 17
53 29 18
53 32 6
53 33 17
53 34 18
53 37 14
53 38 11
53 38 18
53 39 19
53 40 11
53 41 13
53 41 18
53 42 12
53 42 13
53 43 17
53 44 15
54 20 17
54 21 20
54 25 11
54 26 19
54 28 11
54 31 21
54 33 14
54 36 11
54 37 12
54 38 12
54 40 13
55 18 14
55 19 14
55 22 15
55 26 18
55 27 11
55 28 18
55 29 13
55 30 17
55 32 17
55 33 13
55 33 19
55 34 11
55 34 17
55 35 11
55 36 16
56 27 10
56 29 14
56 30 15
57 26 11
57 29 14
