0.000000000000000000e+00
0.000000000000000000e+00
0.000000000000000000e+00
0.000000000000000000e+00
0.000000000000000000e+00
0.000000000000000000e+00
0.000000000000000000e+00
0.000000000000000000e+00
0.000000000000000000e+00
0.000000000000000000e+00
0.000000000000000000e+00
0.000000000000000000e+00
0.000000000000000000e+00
0.000000000000000000e+00
0.000000000000000000e+00
0.000000000000000000e+00
0.000000000000000000e+00
0.000000000000000000e+00
0.000000000000000000e+00
0.000000000000000000e+00
0.000000000000000000e+00
-5.945407679387112159e-09
-1.780934823491855805e-07
-1.360941691371286413e-06
-5.871115202327733438e-06
-1.832525858929981931e-05
-4.636607341167714441e-05
-1.012057767705393469e-04
-1.979500613987704135e-04
-3.556960624970868963e-04
-5.974180458827259548e-04
-9.496670501353292240e-04
-1.442117541837990846e-03
-2.106996849909422223e-03
-2.978432957857816976e-03
-4.091754096953671184e-03
-5.482764273754754322e-03
-7.186884283249756269e-03
-9.237940751711918447e-03
-1.166674415047055935e-02
-1.449968692039204157e-02
-1.775747957802550903e-02
-2.145334610656873808e-02
-2.558937739974920939e-02
-3.015174280331596110e-02
-3.510596661080986336e-02
-4.039303542587548146e-02
-4.592675134664930825e-02
-5.159249661008770416e-02
-5.724740425349201384e-02
-6.272181776836850686e-02
-6.782185572280183261e-02
-7.233286312091599668e-02
-7.602352060202856310e-02
-7.865038826822606799e-02
-7.996267743952970020e-02
-7.970710011761895919e-02
-7.763340458277361023e-02
-7.350180913821316442e-02
-6.709153920954939732e-02
-5.820916979481548931e-02
-4.669592567243562031e-02
-3.243345562157903123e-02
-1.534786074239132860e-02
4.588057104597599231e-03
2.735423484449788639e-02
5.288430367624530337e-02
8.106784260393305741e-02
1.117536914810690618e-01
1.447540824962831874e-01
1.798493590143485088e-01
2.167930689063873595e-01
2.553172426895197744e-01
2.951376925001543694e-01
3.359591943495044974e-01
3.774804419720301230e-01
4.193986849970630648e-01
4.614139865820768294e-01
5.032330557121005299e-01
5.445726269417874299e-01
5.851623754144983369e-01
6.247473676106456431e-01
6.630900585945656012e-01
6.999718547263962254e-01
7.351942670882904984e-01
7.685796854592246152e-01
7.999718057772189361e-01
8.292357458634769252e-01
8.562578849501497613e-01
8.809454624382262455e-01
9.032259704840976955e-01
9.230464200620950299e-01
9.403735778522852584e-01
9.551970710556105804e-01
9.675344216746728510e-01
9.774363324054314850e-01
9.849911381452437498e-01
9.903278121220315811e-01
9.936172553641546834e-01
9.950718335276756976e-01
9.949432807293216996e-01
9.935191857341917343e-01
9.911183272480728057e-01
9.880851444527452010e-01
9.847836258735568338e-01
9.815908815653424657e-01
9.788905896310873267e-01
9.770654558216904650e-01
9.764869882242346311e-01
9.775036875186794427e-01
9.804294571006981762e-01
9.855334125235817311e-01
9.930317649761942755e-01
1.003082087653072163e+00
1.015780016129429919e+00
1.031158259416824485e+00
1.049187687333767771e+00
1.069780196294886965e+00
1.092793027014204110e+00
1.118034204033804713e+00
1.145268780714700840e+00
1.174225500800571753e+00
1.204601376481275743e+00
1.236060032651590035e+00
1.268225659114793125e+00
1.300675997147198171e+00
1.332936570980354229e+00
1.364477401776499565e+00
1.394712749945619557e+00
1.423003956167418149e+00
1.448665140242883620e+00
1.470971328573407622e+00
1.489168483017109246e+00
1.502484870542310391e+00
1.510143224653227589e+00
1.511373190781663656e+00
1.505423704810425534e+00
1.491577165918788861e+00
1.469169022766273702e+00
1.437610507413872307e+00
1.396410769215366443e+00
1.345195978351340305e+00
1.283724183125273921e+00
1.211895593942784455e+00
1.129758068614040045e+00
1.037507823007166152e+00
9.354857122785791290e-01
8.241696313822597375e-01
7.041636929775760834e-01
5.761848818032191399e-01
4.410478771079795468e-01
2.996486943768637556e-01
1.529477362851359157e-01
1.952769563135694358e-03
-1.522977340518434919e-01
-3.087505335167297638e-01
-4.663525546521170018e-01
-6.240647782332577886e-01
-7.808752189024837920e-01
-9.358107540926550172e-01
-1.087947497515756812e+00
-1.236419544505843238e+00
-1.380426023961931925e+00
-1.519236471471820060e+00
-1.652194595763863294e+00
-1.778720550396541977e+00
-1.898311848267591806e+00
-2.010543071178503283e+00
-2.115064532857415358e+00
-2.211600053597398752e+00
-2.299943999695766461e+00
-2.379957732547416160e+00
-2.451565601644168702e+00
-2.514750603729301037e+00
-2.569549817630646160e+00
-2.616049711370158182e+00
-2.654381405418153150e+00
-2.684715963717647647e+00
-2.707259772554469812e+00
-2.722250056630127979e+00
-2.729950571890331634e+00
-2.730647505813268872e+00
-2.724645607975873407e+00
-2.712264566775556496e+00
-2.693835642152942356e+00
-2.669698558988202297e+00
-2.640198661470950281e+00
-2.605684325106997434e+00
-2.566504620057568964e+00
-2.523007217140150971e+00
-2.475536525988406567e+00
-2.424431993974612176e+00
-2.370025186518767590e+00
-2.312633240799304879e+00
-2.252549916810006714e+00
-2.190036414425836853e+00
-2.125313363325286531e+00
-2.058554780797851258e+00
-1.989884354287303259e+00
-1.919374101429398793e+00
-1.847045258612810326e+00
-1.772871124427236822e+00
-1.696781516721218352e+00
-1.618668475614792435e+00
-1.538392847414244535e+00
-1.455791406480039463e+00
-1.370684266015192554e+00
-1.282883677012328416e+00
-1.192206386722181932e+00
-1.098488139901271143e+00
-1.001598003482814914e+00
-9.014510937844835148e-01
-7.980210754498708869e-01
-6.913559559485713546e-01
-5.815950742351934100e-01
-4.689838567907339550e-01
-3.538843061817310565e-01
-2.367802726432399196e-01
-1.182773153228255242e-01
9.025357956436086057e-04
1.199304917824397104e-01
2.378843913086421957e-01
3.537648912491121456e-01
4.665135913592083350e-01
5.750322724198819735e-01
6.782025075952167192e-01
7.749051023044499775e-01
8.640410666843673093e-01
9.445576166014356678e-01
1.015476845403428197e+00
1.075923253808414470e+00
1.125147588024493217e+00
1.162543945920974320e+00
1.187656660096861660e+00
1.200178376324612772e+00
1.199942253302939132e+00
1.186910533760018094e+00
1.161161138847566221e+00
1.122873472664751571e+00
1.072314265351099305e+00
1.009824009961369562e+00
9.358043427162625605e-01
8.507065639263011736e-01
7.550213863409753756e-01
6.492699195465085893e-01
5.339958458277955788e-01
4.097587800585740236e-01
2.771303541734906339e-01
1.366957904415165848e-01
-1.094063214615818846e-02
-1.651489445173178749e-01
-3.252674926993399662e-01
-4.905986440478572463e-01
-6.604067210633455254e-01
-8.339183137071713992e-01
-1.010324868330050307e+00
-1.188787291390005940e+00
-1.368442215273321994e+00
-1.548409532989328596e+00
-1.727800803631639237e+00
-1.905767667991826286e+00
-2.081390316245016692e+00
-2.253810660939301158e+00
-2.422204321125076110e+00
-2.585796242016892510e+00
-2.743875949330392139e+00
-2.895810936528550705e+00
-3.041057322798469187e+00
-3.179167384282735043e+00
-3.309793889438264358e+00
-3.432691392503822492e+00
-3.547714781920891181e+00
-3.654815463137310871e+00
-3.754035593373344248e+00
-3.845500792123986766e+00
-3.929372217099779796e+00
-4.005957997150652261e+00
-4.075579406932073212e+00
-4.138597719612961079e+00
-4.195396958798159659e+00
-4.246144984178865656e+00
-4.291454245636733944e+00
-4.331680418663781396e+00
-4.367148636586002830e+00
-4.398150197142733475e+00
-4.424942355991277054e+00
-4.447750188239845137e+00
-4.466769744151875443e+00
-4.482171920639687279e+00
-4.494106625040205749e+00
-4.502706929406270042e+00
-4.508093008357120901e+00
-4.510375726552442899e+00
-4.509659797335491049e+00
-4.506046475534934537e+00
-4.499857392143823631e+00
-4.490959762340229311e+00
-4.479455695799590131e+00
-4.465446379908415864e+00
-4.449028420197467248e+00
-4.430289664567792052e+00
-4.409305324056739472e+00
-4.386134870790326268e+00
-4.360819954241589969e+00
-4.333383409019085697e+00
-4.303829314337346723e+00
-4.272143993656990268e+00
-4.238297802088041522e+00
-4.202247530650032203e+00
-4.163939253837839694e+00
-4.123311455098639833e+00
-4.080298272772049373e+00
-4.034832571195353879e+00
-3.986848439223898311e+00
-3.936283176022506769e+00
-3.883078958065584008e+00
-3.827184308911071753e+00
-3.768555437028182187e+00
-3.707157469369425140e+00
-3.642965584656052247e+00
-3.575966036714913088e+00
-3.506157051734896335e+00
-3.433549581754681945e+00
-3.358167898347115710e+00
-3.280050014057694252e+00
-3.199247923754832357e+00
-3.115827670143516581e+00
-3.029869399504337757e+00
-2.941467701603704299e+00
-2.850732095287778378e+00
-2.757478752320444038e+00
-2.662172863711945947e+00
-2.564969114580778253e+00
-2.466036871921938989e+00
-2.365559253674724971e+00
-2.263731880665507568e+00
-2.160761361370305611e+00
-2.056863566814728372e+00
-1.952261755069958582e+00
-1.847184603257418178e+00
-1.741864200942341512e+00
-1.636534053200274563e+00
-1.531427135178998977e+00
-1.426774033170790101e+00
-1.322801200432990321e+00
-1.220038008122087847e+00
-1.118373047937927911e+00
-1.018012151080128103e+00
-9.191514987331961262e-01
-8.219766681967903832e-01
-7.266618463643306214e-01
-6.333692055885762340e-01
-5.422484346829777868e-01
-4.534364160440965685e-01
-3.670570385881781750e-01
-2.832211353174867718e-01
-2.020265338134072663e-01
-1.235582077398298395e-01
-4.788851748151773391e-02
2.492247170856184274e-02
9.417777805790260304e-02
1.605237375794340560e-01
2.239329616367712605e-01
2.843886007898911994e-01
3.418837921777341249e-01
3.964210871048131635e-01
4.480118658781981900e-01
4.966757461843398502e-01
5.424399905610596262e-01
5.853389178174210894e-01
6.254133225896508774e-01
6.627099661320980939e-01
6.972825078933132525e-01
7.291962749077305350e-01
7.585356333217547764e-01
7.860606083766141783e-01
8.112330047552378520e-01
8.342379525172661792e-01
8.553019357576820969e-01
8.746933705292208039e-01
8.927686066416550270e-01
9.098234806789233797e-01
9.262361542159436301e-01
9.424109293253311037e-01
9.587714286833393107e-01
9.757533142126424419e-01
9.937967851927156371e-01
1.013337749119140430e+00
1.034795487072989850e+00
1.058558224047729812e+00
1.084968917848398995e+00
1.114312865569920152e+00
1.146809962229312418e+00
1.182615457843671836e+00
1.221827498964803471e+00
1.264450630794861752e+00
1.310553052320057921e+00
1.360130678576525476e+00
1.413167728015626290e+00
1.469645289821784662e+00
1.529547826880496730e+00
1.592867622396940908e+00
1.659607317418613004e+00
1.729780770773229115e+00
1.803412516687563194e+00
1.880536109971441050e+00
1.961191557246556805e+00
2.045420131465840452e+00
2.133253359162986307e+00
2.224698168076347571e+00
2.319721509525354719e+00
2.418236738198086933e+00
2.520095288497098629e+00
2.625088232385305975e+00
2.732955809901468136e+00
2.843401141381665997e+00
2.956105395657068424e+00
3.070742590410672879e+00
3.186992877292682103e+00
3.304553662992800511e+00
3.423148276934985468e+00
3.542532147851632729e+00
3.662496620339561026e+00
3.782870648694735216e+00
3.903520664837268228e+00
4.024348942577265831e+00
4.145290682882537325e+00
4.266307859918560652e+00
4.387376135193365556e+00
4.508467144069020272e+00
4.629925694660101954e+00
4.751245095010121489e+00
4.872284631541889510e+00
4.992846506552268693e+00
5.112676572351745108e+00
5.231469352648038473e+00
5.348875840179276864e+00
5.464512904364954515e+00
5.577973423961172017e+00
5.688836487619007620e+00
5.796677188588324370e+00
5.901075686024867650e+00
6.001625320769157668e+00
6.097939663432648594e+00
6.189658441683910439e+00
6.276056642825961873e+00
6.357256149341129259e+00
6.432997434066425768e+00
6.503054814307720477e+00
6.567231210097160599e+00
6.624703014956049962e+00
6.675994517982385190e+00
6.720953632082178331e+00
6.759423957642162861e+00
6.791229218198529871e+00
6.816158409251347194e+00
6.833953857882733018e+00
6.844303326050546588e+00
6.846836542308029294e+00
6.841126041063814611e+00
6.826691866134841469e+00
6.803009509291299217e+00
6.769520367763766977e+00
6.725643988397091100e+00
6.670791397961520097e+00
6.605027709209734255e+00
6.527105214949695089e+00
6.436495476783590242e+00
6.332725385923391848e+00
6.215401011392581054e+00
6.083755925151991484e+00
5.938120251898475033e+00
5.778460217950738276e+00
5.604888608182904797e+00
5.417668593664331844e+00
5.217212497819112116e+00
5.004076175241313429e+00
4.778949749139934866e+00
4.542645468226968575e+00
4.296083418771728724e+00
4.040275775759681665e+00
3.776310208752389652e+00
3.505332980797378539e+00
3.228532198247673790e+00
2.947121589710438361e+00
2.662799855281560824e+00
2.376287111141549335e+00
2.088787433036183749e+00
1.801476585947301645e+00
1.515492470187940643e+00
1.231927036213331661e+00
9.518195601186461019e-01
6.761522245388040808e-01
4.058497733828076992e-01
1.417821893815914003e-01
-1.152313852639503811e-01
-3.644186658698412296e-01
-6.050508807492707142e-01
-8.364404227298554151e-01
-1.057939615959916146e+00
-1.269328253496633252e+00
-1.469630862984356190e+00
-1.658323189612334714e+00
-1.834925071859869306e+00
-1.999002813805917711e+00
-2.150171668441188455e+00
-2.288098298757875071e+00
-2.412504130900266830e+00
-2.523171345526929343e+00
-2.619950450152203292e+00
-2.702767666543734570e+00
-2.771631084942604240e+00
-2.826637180110974867e+00
-2.867981331283372626e+00
-2.895970285981535497e+00
-2.910645434381661012e+00
-2.912973717295042064e+00
-2.903645468269198116e+00
-2.883481525872681139e+00
-2.853426523502581080e+00
-2.814751689319184180e+00
-2.768388589173161218e+00
-2.715576260312347667e+00
-2.657617244345968910e+00
-2.595858065895546574e+00
-2.531669406587061744e+00
-2.466426482477548365e+00
-2.401487891994920965e+00
-2.338169416608835149e+00
-2.277715116429658959e+00
-2.221269523097220588e+00
-2.169853303931374100e+00
-2.124341527703747623e+00
-2.085441176646805506e+00
-2.053670028990954854e+00
-2.029126625981315435e+00
-2.012132430708828412e+00
-2.002565197957921761e+00
-2.000088732349015075e+00
-2.004163620768426135e+00
-2.014063444634556888e+00
-2.028895378757255230e+00
-2.047624039903530146e+00
-2.069097480635432529e+00
-2.092074306814724949e+00
-2.115251010828970823e+00
-2.137288841290717833e+00
-2.156841834917286871e+00
-2.172589476001456354e+00
-2.183271545632075927e+00
-2.187673743740699006e+00
-2.184801636232757360e+00
-2.173754739169476036e+00
-2.153788396316046239e+00
-2.124316609239076392e+00
-2.084908501398067049e+00
-2.035280421767164505e+00
-1.975285222878511826e+00
-1.904899873563268287e+00
-1.824212270158894755e+00
-1.733407876761515087e+00
-1.632756643053433709e+00
-1.522600507327965591e+00
-1.403341684375424947e+00
-1.275431856194916502e+00
-1.139409848722367391e+00
-9.957477315192218015e-01
-8.449920911542454505e-01
-6.877121664016229152e-01
-5.245015842146762974e-01
-3.559812904081432472e-01
-1.828021871844501822e-01
-5.646600890967050021e-03
1.747718566107273608e-01
3.577101620248684943e-01
5.423994129346739745e-01
7.280498112720357184e-01
9.138568177094930078e-01
1.099008164768522811e+00
1.282691413543429526e+00
1.464101755767567514e+00
1.642449707839340300e+00
1.816966524449684428e+00
1.986903739853419504e+00
2.151528441814585246e+00
2.310117263242579266e+00
2.461951030548386932e+00
2.606311170775975850e+00
2.742478384805711933e+00
2.869733685140241963e+00
2.987361629041024536e+00
3.094655415418100297e+00
3.190923428768003056e+00
3.275496783616758556e+00
3.347737431323897006e+00
3.407046424694089026e+00
3.452872069288704715e+00
3.484719602872227817e+00
3.502165563546198790e+00
3.504874909003748318e+00
3.492617663049276899e+00
3.465283069754013567e+00
3.422891742951224003e+00
3.365608212910863095e+00
3.293752304106948969e+00
3.207806937265032410e+00
3.108421075214912399e+00
2.996407389480092665e+00
2.872734807073983099e+00
2.738516470904346356e+00
2.595389568008273251e+00
2.444288513743220648e+00
2.286653840741702748e+00
2.123992350971219523e+00
1.957854416849329926e+00
1.789811476729521900e+00
1.621434228577807168e+00
1.454270324394848046e+00
1.289819009707108721e+00
1.129504486059210500e+00
9.746508383145954246e-01
8.264603605326024116e-01
6.859962997739662560e-01
5.541704452766633704e-01
4.317355724082968527e-01
3.188867645087223313e-01
2.164705249601799331e-01
1.247596501413298781e-01
4.387854442604918748e-02
-2.618674462469307990e-02
-8.500692958180264269e-02
-1.334359209541985669e-01
-1.718279201807217937e-01
-2.006310611080223127e-01
-2.203828236210328972e-01
-2.317062735208645086e-01
-2.353056657962334097e-01
-2.319606282893852955e-01
-2.225186197021674639e-01
-2.078856777503922393e-01
-1.890156781856013324e-01
-1.668984435653776410e-01
-1.425470958117882048e-01
-1.169850572604655969e-01
-9.123308534956948990e-02
-6.686647831533082398e-02
-4.426369355008102219e-02
-2.436448541839197554e-02
-8.052279646016898690e-03
3.863945854159958615e-03
1.132378127976945217e-02
1.302488935122007169e-02
8.473507382070213922e-03
-2.709112764484898628e-03
-2.079466415649037711e-02
-4.596004155873785468e-02
-7.830146885703682946e-02
-1.178488471901433243e-01
-1.645792578047089172e-01
-2.184289857086847975e-01
-2.793037434221649074e-01
-3.470869951985662283e-01
-4.216464324457381840e-01
-5.028387478358626872e-01
-5.905129123469972097e-01
-6.851690222134070307e-01
-7.859540784036678218e-01
-8.927015112097912430e-01
-1.005230013528723099e+00
-1.123331554306846503e+00
-1.246449935491693584e+00
-1.374611507063028037e+00
-1.507454576536580992e+00
-1.644540780215781206e+00
-1.785339784734659041e+00
-1.929216557419684452e+00
-2.075423217793825437e+00
-2.223096354817069464e+00
-2.371259915857459433e+00
-2.518833260718261080e+00
-2.664643661044620693e+00
-2.807442359669532372e+00
-2.945923244772572502e+00
-3.078743208088860150e+00
-3.204543320164430220e+00
-3.322278708679021975e+00
-3.430297017976471352e+00
-3.527319628368995375e+00
-3.612142552076299751e+00
-3.683665476968896790e+00
-3.741568180565235657e+00
-3.784353501827373290e+00
-3.811382213933330654e+00
-3.822200628643867226e+00
-3.816547027463624175e+00
-3.794352473212214250e+00
-3.755736584984166182e+00
-3.700998996210097758e+00
-3.630607275744100804e+00
-3.545182097089396578e+00
-3.445480407839212056e+00
-3.332377259810106018e+00
-3.206846154788566494e+00
-3.069937103692411906e+00
-2.922753547484243875e+00
-2.765780908005684324e+00
-2.600846188422969441e+00
-2.429082567021996653e+00
-2.251597924434770803e+00
-2.069461312010477005e+00
-1.883731644992653553e+00
-1.695328812872908930e+00
-1.505150613389031111e+00
-1.314027270893938004e+00
-1.122719507474204903e+00
-9.319181839787917809e-01
-7.422452773306912333e-01
-5.542567079438066591e-01
-3.684481273431592374e-01
-1.852627652977300865e-01
-5.099931387631526092e-03
1.716767825191142793e-01
3.447321855481143005e-01
5.137533752203149451e-01
6.784449558268663694e-01
8.385651004380363371e-01
9.938026912928485945e-01
1.143899006833576371e+00
1.288605792698905184e+00
1.427685772312994095e+00
1.561222367167308445e+00
1.688678898977802323e+00
1.809859576141978454e+00
1.924585502063762554e+00
2.032696436854607214e+00
2.134052455804539505e+00
2.228535434064884413e+00
2.316050305291641465e+00
2.396526058425111572e+00
2.469916451157679660e+00
2.536200430924871352e+00
2.595382179973954262e+00
2.647488853768782846e+00
2.692562629035324839e+00
2.730648839376928816e+00
2.761474662565921001e+00
2.785379961853646780e+00
2.802349002345663642e+00
2.812330225676535012e+00
2.815233360279764785e+00
2.810280638012134791e+00
2.797990098326494923e+00
2.778163800892884172e+00
2.750579033547502217e+00
2.714995897989551210e+00
2.671165604012397665e+00
2.618839144362625326e+00
2.557777933374111523e+00
2.487769511649656096e+00
2.408646322169290421e+00
2.320304279107640255e+00
2.222718985171845407e+00
2.115958369537516148e+00
2.000191182291789715e+00
1.875691248652105569e+00
1.743486529460049450e+00
1.603375079357668431e+00
1.455935170248412014e+00
1.301831592558814865e+00
1.141804857820737373e+00
9.773159158406387048e-01
8.085281163012256744e-01
6.363353998674194933e-01
4.616558672717572254e-01
2.854189829690484403e-01
1.085534404920600604e-01
-6.802410335834944977e-02
-2.434192739856071153e-01
-4.167691023137903850e-01
-5.872499675059409396e-01
-7.540843376778679774e-01
-9.165462847564076476e-01
-1.073965042748053600e+00
-1.225725322756423985e+00
-1.371265147356329317e+00
-1.510729342117633545e+00
-1.642960776046742621e+00
-1.767538417271059537e+00
-1.884081253731315408e+00
-1.992246131335412507e+00
-2.091330578377304850e+00
-2.181479921570534053e+00
-2.262457117372020932e+00
-2.334060457906201425e+00
-2.396123907371005224e+00
-2.448517578291436791e+00
-2.491148267834432772e+00
-2.523960722668825873e+00
-2.546940894660324695e+00
-2.560120433807519635e+00
-2.563581153311188743e+00
-2.557458585057072575e+00
-2.541942793936902589e+00
-2.517273849382030360e+00
-2.483733165542302501e+00
-2.442028690585201112e+00
-2.392076170150675196e+00
-2.334218979066813304e+00
-2.268801838417346062e+00
-2.196163829258609645e+00
-2.116633152456778078e+00
-2.030523574247875107e+00
-1.938132404784290053e+00
-1.839739803623564818e+00
-1.735609181319411887e+00
-1.625988461766579629e+00
-1.511112038892902021e+00
-1.391204586768568285e+00
-1.266488934019391888e+00
-1.137196607634058054e+00
-1.004140516606593092e+00
-8.670097100727065520e-01
-7.261225734161211864e-01
-5.818373027125794961e-01
-4.345518372909744631e-01
-2.847011897333143193e-01
-1.327529134046196713e-01
2.079868047278880458e-02
1.754390569224513752e-01
3.306403415623455633e-01
4.858682392938850070e-01
6.405887442675324284e-01
7.942744598674822409e-01
9.464103993648098623e-01
1.096499180992509537e+00
1.244627349578368625e+00
1.389754261339870123e+00
1.531460783139650284e+00
1.669357090985911007e+00
1.803081880831962858e+00
1.932783601434362231e+00
2.057645064621025810e+00
2.177382247641571844e+00
2.291733526705331148e+00
2.400458801167455025e+00
2.503339011132036163e+00
2.600176010174451768e+00
2.690792728973946168e+00
2.775033553238093198e+00
2.852764836399556803e+00
2.923875471101064605e+00
2.988277458274091192e+00
3.045906579596770136e+00
3.096723413664967062e+00
3.140714511203738013e+00
3.177410695015170372e+00
3.207361473856311207e+00
3.230634978315488404e+00
3.247327315385179602e+00
3.257561957683203779e+00
3.261488699528345414e+00
3.259282227475738480e+00
3.251140363883947337e+00
3.237282047143727581e+00
3.217945112946505759e+00
3.193383938670657507e+00
3.163867001452588035e+00
3.129674237869663145e+00
3.091093963318108262e+00
3.048419538766381720e+00
3.001471340547011479e+00
2.951043028389264578e+00
2.897425497971381159e+00
2.840913289060195801e+00
2.781814094197349263e+00
2.720459266085050842e+00
2.657213248745273759e+00
2.592480727683948327e+00
2.526710920094350499e+00
2.460398862979253920e+00
2.394083849418256360e+00
2.328345346534139715e+00
2.263796831152256495e+00
2.201078022843400817e+00
2.140845996274769902e+00
2.084240367793550597e+00
2.031424169970577509e+00
1.983047503261137212e+00
1.939729552419686920e+00
1.902038580826601155e+00
1.869910394257768171e+00
1.844345965242227159e+00
1.825651613340177892e+00
1.814021995541116761e+00
1.809534270067823414e+00
1.812146351790932197e+00
1.821698977170962630e+00
1.837921118883689253e+00
1.860438194019882863e+00
1.888782472810733193e+00
1.922405099855520660e+00
1.960689173357386128e+00
2.002963379590478876e+00
2.048515741934556544e+00
2.096607110540246843e+00
2.147045868882172304e+00
2.198485100204887743e+00
2.250179884083179704e+00
2.301404915941966500e+00
2.351464107498527412e+00
2.400355827380566076e+00
2.446774813981717145e+00
2.490158490430397720e+00
2.529995151211520188e+00
2.565822673044093172e+00
2.597225780922295169e+00
2.623832751127922691e+00
2.645312114794875491e+00
2.661369693922342350e+00
2.671746136995609699e+00
2.676215007887949415e+00
2.674581406986094478e+00
2.666681057615643891e+00
2.652379766071918610e+00
2.631573153833271395e+00
2.603529725908858339e+00
2.568896005262658377e+00
2.527655866981768362e+00
2.479826546777061935e+00
2.425462678007724193e+00
2.364660380600033918e+00
2.297560609067767157e+00
2.224351309216465289e+00
2.145268180249234824e+00
2.060594012134873143e+00
1.970656684370983402e+00
1.875825985397811202e+00
1.776509452824674984e+00
1.673147451968808985e+00
1.566207710763671379e+00
1.456401132591196301e+00
1.343999324599566059e+00
1.229517444740797050e+00
1.113474533231722408e+00
9.963880166413348061e-01
8.787685784027854385e-01
7.611154641918924657e-01
6.439122697711114895e-01
5.276232404106115936e-01
4.126900949804016561e-01
2.995293742514167912e-01
1.885303017545570947e-01
8.005313657198656618e-02
-2.557200951536107297e-02
-1.280459232362319844e-01
-2.273222600895056511e-01
-3.229310209141040833e-01
-4.146670114538828500e-01
-5.023553489331159527e-01
-5.858506266345393509e-01
-6.650358761435799515e-01
-7.398213030559603887e-01
-8.101414626682417186e-01
-8.759485116667145022e-01
-9.372028014161142284e-01
-9.938630205038238019e-01
-1.045877329505648490e+00
-1.093176316128157355e+00
-1.135668157672009571e+00
-1.173236070658636443e+00
-1.205737922796053851e+00
-1.233007754970653069e+00
-1.254858890628851587e+00
-1.271088281017540123e+00
-1.281481735015115309e+00
-1.285819702236059348e+00
-1.283883370045444172e+00
-1.275462181617043722e+00
-1.260364952704590591e+00
-1.238433175280343468e+00
-1.210115975381757858e+00
-1.174766688442024698e+00
-1.132397897943013154e+00
-1.083094616942533062e+00
-1.027017401581759248e+00
-9.644026276995493197e-01
-8.955602239570022993e-01
-8.208692361625689049e-01
-7.407716341150810679e-01
-6.557647769218896139e-01
-5.663929352749570434e-01
-4.732382371884320538e-01
-3.769113630046270202e-01
-2.780422703920724103e-01
-1.772711837622509834e-01
-7.467825423966278908e-02
2.850944250001113262e-02
1.316711788031014740e-01
2.342061267030480232e-01
3.355390075909430170e-01
4.351249036856955077e-01
5.324532370512625734e-01
6.270509395986312295e-01
7.184848514746239312e-01
8.063633958461642326e-01
8.903375857236451862e-01
9.701014235176708134e-01
1.045391756865198918e+00
1.115987655249011556e+00
1.181709371397477781e+00
1.242416949689130190e+00
1.298008548217192359e+00
1.348418694710693533e+00
1.393616816024793703e+00
1.433605940371236454e+00
1.468421353510262595e+00
1.498129077102112738e+00
1.522824106436856173e+00
1.542628393062815295e+00
1.557688590226566916e+00
1.568395213819753220e+00
1.574703517282092236e+00
1.576819572143440373e+00
1.574963633342636005e+00
1.569367413178588855e+00
1.560271412749389963e+00
1.547922343879601481e+00
1.532570510742257142e+00
1.514466890017436729e+00
1.493860078029007665e+00
1.470993380584274313e+00
1.446102224134888647e+00
1.419411988439914563e+00
1.391136304015254233e+00
1.361475817544350875e+00
1.330395786822134774e+00
1.298302215112752123e+00
1.265353036480421522e+00
1.231692271910590053e+00
1.197450527775091755e+00
1.163141383099816739e+00
1.128454255771187853e+00
1.093485338323912259e+00
1.058321566569681016e+00
1.023042552207600764e+00
9.877225548591024307e-01
9.524323007390063101e-01
9.172405336775926177e-01
8.822152413719004382e-01
8.474245402805011818e-01
8.129372302855240040e-01
7.788230481788032122e-01
7.451526596190112262e-01
7.119974343822308427e-01
6.794290510067253486e-01
6.471232727224789372e-01
6.155672960861062748e-01
5.848290739853586606e-01
5.549736427827891561e-01
5.260615161759260028e-01
4.982816349790899491e-01
4.715391376792603673e-01
4.458729466176071243e-01
4.213147168383410968e-01
3.978910418221716094e-01
3.756261308433603840e-01
3.545444432008570956e-01
3.346729625158063604e-01
3.160429385997700624e-01
2.986910270069170203e-01
2.826598268882869469e-01
2.679978638521419709e-01
2.547590923177634470e-01
2.430020061658139108e-01
2.327884511289324276e-01
2.240476600000835816e-01
2.169855183809346333e-01
2.116642514664585362e-01
2.081411027834318972e-01
2.064641773012292902e-01
2.066682624203425300e-01
2.087711417814425985e-01
2.127706990472941206e-01
2.186429510953377675e-01
2.263410390570411157e-01
2.357951305825781163e-01
2.469131389639570295e-01
2.595821374380400948e-01
2.736703346693616368e-01
2.890294758067807335e-01
3.055450654063724958e-01
3.229941578492044330e-01
3.411960128340465470e-01
3.599648596032798409e-01
3.791127260805370325e-01
3.984521121431105484e-01
4.177984605861808642e-01
4.369723921764560592e-01
4.558016826314157943e-01
4.741229693158763303e-01
4.917831839160972107e-01
5.086406953430746558e-01
5.245657347596353048e-01
5.394393502748013880e-01
5.531513039261888309e-01
5.655501019929323192e-01
5.765857687617608196e-01
5.861602404215058293e-01
5.941761845171009693e-01
6.005362554461362024e-01
6.057127140604678939e-01
6.090083638240244568e-01
6.103282213073097928e-01
6.095792284165919561e-01
6.066715617346316591e-01
6.015200736972609041e-01
5.940458007242962468e-01
5.841779029178256755e-01
5.718567411716573012e-01
5.570376483116732391e-01
5.396946606908579191e-01
5.198236861815448417e-01
4.974437970892945371e-01
4.725947042889264704e-01
4.453313332650458145e-01
4.151474200889501143e-01
3.827082854256602662e-01
3.480740165430986632e-01
3.112960655419036993e-01
2.724137927188508557e-01
2.314128321531448429e-01
1.883448695677823470e-01
1.432050707493616182e-01
9.597496662594240391e-02
4.662435947164401961e-02
-4.886236536562291524e-03
-5.860275845803029904e-02
-1.145734881377540731e-01
-1.728419999760785197e-01
-2.334382231512446837e-01
-2.963693730723416797e-01
-3.616119056854075753e-01
-4.291051626786379636e-01
-4.987470240308446434e-01
-5.703916368913767299e-01
-6.438096043868785090e-01
-7.188101023437986070e-01
-7.951210443934473293e-01
-8.724349913742482920e-01
-9.504142691168393497e-01
-1.028910324872196913e+00
-1.107317772499916586e+00
-1.185244542904847931e+00
-1.262292642357383032e+00
-1.338064133805624056e+00
-1.412166764155596166e+00
-1.484219137156122637e+00
-1.553855359832053473e+00
-1.620729115597260295e+00
-1.684517139069873881e+00
-1.744922086200856981e+00
-1.801674808729023969e+00
-1.854536054389689603e+00
-1.903297623981284659e+00
-1.947783023614969800e+00
-1.987634049147913418e+00
-2.022962638184758077e+00
-2.053686390084773272e+00
-2.079753101546456318e+00
-2.101139585894500783e+00
-2.117850267646884888e+00
-2.129915549518133222e+00
-2.137388926671491163e+00
-2.140341017992816397e+00
-2.138851514019624034e+00
-2.133000774626679252e+00
-2.122862211723178572e+00
-2.108496111301009890e+00
-2.089945203716756517e+00
-2.067232050305896518e+00
-2.040358153623722970e+00
-2.009304598091650185e+00
-1.974033971995868608e+00
-1.934493298364644565e+00
-1.890617701670175954e+00
-1.842334552172788964e+00
-1.789567900852472970e+00
-1.732244067664628684e+00
-1.670300080473653859e+00
-1.603693861748070049e+00
-1.532414354787547950e+00
-1.456490437014102302e+00
-1.375998677179229857e+00
-1.291070913389013697e+00
-1.201900925312316737e+00
-1.108749138001484891e+00
-1.011944816899625010e+00
-9.118856074926058319e-01
-8.090345384729918932e-01
-7.039147754336061436e-01
-5.967068050339664476e-01
-4.884478423249475343e-01
-3.797924207541447661e-01
-2.714198604641308576e-01
-1.640238751828624886e-01
-5.830227922516330319e-02
4.505296219047405515e-02
1.453658539146490125e-01
2.419877832498402159e-01
3.343094302926799544e-01
4.217719154414319993e-01
5.038763721572724341e-01
5.801914957494900271e-01
6.503588826949904256e-01
7.140961613670704367e-01
7.708023387281439653e-01
8.207649380767239045e-01
8.639277105690219560e-01
9.003044802266477742e-01
9.299742858439601356e-01
9.530757202528397087e-01
9.698007130806504117e-01
9.803879783845197426e-01
9.851163210193933928e-01
9.842979671515659224e-01
9.782720563019340343e-01
9.673984056273752241e-01
9.520516324418962784e-01
9.326156986156087791e-01
9.094789206584612540e-01
8.830294720484623827e-01
8.536513313242892753e-01
8.217193365899381208e-01
7.875909898278015131e-01
7.515962051473445982e-01
7.140271145966989863e-01
6.751292940936333142e-01
6.350951691749486816e-01
5.940599286165634263e-01
5.520999746249888318e-01
5.092337400129407499e-01
4.654245806247817585e-01
4.205853855113201312e-01
3.745845224173180998e-01
3.272527399057970632e-01
2.783906705307191976e-01
2.277766730636724690e-01
1.751760744305946027e-01
1.203539241429915363e-01
6.308986021328757965e-02
3.240328968182073360e-03
-5.939337504576641669e-02
-1.249044394725973284e-01
-1.933143267936471288e-01
-2.645551280463256383e-01
-3.384541161845421309e-01
-4.147225718490236135e-01
-4.929498572490430552e-01
-5.726029487480097657e-01
-6.530311275566488272e-01
-7.334752083670239564e-01
-8.130805083855063842e-01
-8.909126851230858568e-01
-9.659755700881745843e-01
-1.037230173709347891e+00
-1.103661642566639234e+00
-1.164153485141848021e+00
-1.217656195883463965e+00
-1.263163151307839183e+00
-1.299739422013609147e+00
-1.326549478990995290e+00
-1.342881282790616693e+00
-1.348165334709277907e+00
-1.341988060786618142e+00
-1.324099457872324859e+00
-1.294415309470283049e+00
-1.253014520219307260e+00
-1.200132255878502363e+00
-1.136149637664055412e+00
-1.061580747102107036e+00
-9.770101407971484297e-01
-8.832216336403349022e-01
-7.810324800830197312e-01
-6.713222713337755332e-01
-5.550099212424528528e-01
-4.330309628801059518e-01
-3.063165478142592102e-01
-1.757749931987198644e-01
-4.227631727485747087e-02
9.336008861933278724e-02
2.303747085469829980e-01
3.680742656236059007e-01
5.058354816360608464e-01
6.431065609539029504e-01
7.794067460883042919e-01
9.142767647169836032e-01
1.047420587235873057e+00
1.178552331014011800e+00
1.307437383986008284e+00
1.433880922901245247e+00
1.557850466562200831e+00
1.679053796972512336e+00
1.797347305090194247e+00
1.912585603053859051e+00
2.024614965899221630e+00
2.133268747934841780e+00
2.238364753581360667e+00
2.339704410571248339e+00
2.437073513811058412e+00
2.530244267205923769e+00
2.618978337555509128e+00
2.703030640855067723e+00
2.782153600502899060e+00
2.856101644101926240e+00
2.924635737059411156e+00
2.987393214047804335e+00
3.044302721598218575e+00
3.095169883361859497e+00
3.139823171675955482e+00
3.178117509483065373e+00
3.209937385569727297e+00
3.235199332302443054e+00
3.253853691969636586e+00
3.265885654386836645e+00
3.271315588781545269e+00
3.270198720590780539e+00
3.262624221499442534e+00
3.248713791120008576e+00
3.228619813025961793e+00
3.202523167902608492e+00
3.170630783568471500e+00
3.133172990553569015e+00
3.090400614904213139e+00
3.042581629945924959e+00
2.989997543862322527e+00
2.932939786669176208e+00
2.871706276663535284e+00
2.806598278290151072e+00
2.737917613069642542e+00
2.665964248897033428e+00
2.590907705298607588e+00
2.513171738086062312e+00
2.433039644418780068e+00
2.350786798066002881e+00
2.266679868577269552e+00
2.180976263919339075e+00
2.093923766503384520e+00
2.005760465588260821e+00
1.916715194905206143e+00
1.827008325131398880e+00
1.736852670103644414e+00
1.646454345295455646e+00
1.556013481553140121e+00
1.465724743960400422e+00
1.375777638881567455e+00
1.286483177084101204e+00
1.197887432412425790e+00
1.110164655628626651e+00
1.023483332257139278e+00
9.380057276333837457e-01
8.535867245031759643e-01
7.706910481120048395e-01
6.894575031210544713e-01
6.100129065636210601e-01
5.324673537721460459e-01
4.569093243166081342e-01
3.834014055872736471e-01
3.119770777431358777e-01
2.426387638836078331e-01
1.753571821748231563e-01
1.100719251655720987e-01
4.669312200489512954e-02
-1.489599910870982244e-02
-7.483584668701967479e-02
-1.332866981794726680e-01
-1.901239653939476304e-01
-2.458517271980313612e-01
-3.006632747205492118e-01
-3.547514546046457440e-01
-4.083005290170316770e-01
-4.614781225220054295e-01
-5.144280792463521434e-01
-5.672647043530356648e-01
-6.200686104343451355e-01
-6.728842107668384642e-01
-7.257187802912667962e-01
-7.785429279294535654e-01
-8.312922794493131651e-01
-8.838701498402592449e-01
-9.361509812245975004e-01
-9.879843313766006885e-01
-1.039199214841628027e+00
-1.089608620317112697e+00
-1.139014052035851154e+00
-1.187209967664641708e+00
-1.233988009475454284e+00
-1.279140948424427382e+00
-1.322466281746211170e+00
-1.363769443424851735e+00
-1.402866603295355841e+00
-1.439587044545496797e+00
-1.473775192521545652e+00
-1.505293945369375663e+00
-1.534032197925323082e+00
-1.559915098296123404e+00
-1.582914447243451761e+00
-1.603057567415449025e+00
-1.620433705453560247e+00
-1.635197556828638543e+00
-1.647569868520466496e+00
-1.657526657928802605e+00
-1.665736953134389076e+00
-1.672597026402134590e+00
-1.678548207856157770e+00
-1.684067888716589412e+00
-1.689659904398163937e+00
-1.695844607336965293e+00
-1.703147320273175502e+00
-1.712082572906915789e+00
-1.723135828133118386e+00
-1.736745485546109746e+00
-1.753286980619740199e+00
-1.773059863575399797e+00
-1.796278054677734382e+00
-1.823063511466761266e+00
-1.853752046207318482e+00
-1.887951550812532187e+00
-1.925504727798229787e+00
-1.966169243715054638e+00
-2.009625651672686253e+00
-2.055700423136779698e+00
-2.103724323090507831e+00
-2.153207339531953757e+00
-2.203624482078151203e+00
-2.254426898777372124e+00
-2.305052591971724851e+00
-2.354936522152734746e+00
-2.403520097618032203e+00
-2.450260218493044206e+00
-2.494637649455984096e+00
-2.536164418520245878e+00
-2.574390061699317389e+00
-2.608906632524714553e+00
-2.639352468701672283e+00
-2.665414760841507302e+00
-2.686617398101081022e+00
-2.702973484176008689e+00
-2.714320994007062282e+00
-2.720546994276817454e+00
-2.721585772305163964e+00
-2.717416439101780323e+00
-2.708060119802007115e+00
-2.693576835900064026e+00
-2.674062173722544067e+00
-2.649643823049638858e+00
-2.620478059143305671e+00
-2.586746231016513242e+00
-2.548651308818016936e+00
-2.506414533880071183e+00
-2.460272206389720218e+00
-2.410472637858434908e+00
-2.357273288604512018e+00
-2.300938104324462330e+00
-2.241735060490031017e+00
-2.179933918727877007e+00
-2.115804195470676330e+00
-2.049613339956376290e+00
-1.981625116037730727e+00
-1.912098180187228325e+00
-1.841284846483510318e+00
-1.769817722897539580e+00
-1.697525302863923002e+00
-1.624636182153962771e+00
-1.551369280144061502e+00
-1.477933373747068790e+00
-1.404526749296731269e+00
-1.331336960921075452e+00
-1.258540684372989604e+00
-1.186303655806167701e+00
-1.114780685567822172e+00
-1.044115737705411773e+00
-9.744419808115414305e-01
-9.058798344418736992e-01
-8.385295557206502437e-01
-7.724601416154173172e-01
-7.073099886951801363e-01
-6.434602551078084653e-01
-5.808224020990738756e-01
-5.192430520121859017e-01
-4.585029323434154369e-01
-3.976620523832232745e-01
-3.370695223751387637e-01
-2.763290136697879595e-01
-2.150005919118145870e-01
-1.526104841712946913e-01
-8.866153697788282939e-02
-2.264401593360931136e-02
4.595166172036109498e-02
1.176171271252153816e-01
1.928052253314259112e-01
2.719094796247112922e-01
3.552460353793748249e-01
4.430393331447411431e-01
5.354120858511562941e-01
6.323796596446724649e-01
7.331918008699280787e-01
8.383400733148134165e-01
9.475219392184535128e-01
1.060342136971051730e+00
1.176322827606023358e+00
1.294915172362363531e+00
1.415511808970219443e+00
1.537459753041970467e+00
1.660073316023548351e+00
1.782646698000631025e+00
1.904465979001716214e+00
2.024820294063236936e+00
2.143012033784196912e+00
2.258365962569319763e+00
2.370237190866089527e+00
2.478326634011503327e+00
2.581744404041780960e+00
2.679973619906529603e+00
2.772548057214220929e+00
2.859054547104995514e+00
2.939134436066196621e+00
3.012484192123573656e+00
3.078855247066218492e+00
3.138053165909302500e+00
3.189936234139892246e+00
3.234413550858878494e+00
3.271442712113418416e+00
3.301027163850879464e+00
3.323213298314877662e+00
3.338087361601997038e+00
3.345463575111427446e+00
3.345823084905376277e+00
3.339351333142029254e+00
3.326260524084933667e+00
3.306786378166925111e+00
3.281145452800331430e+00
3.249652728018737058e+00
3.212595863612698111e+00
3.170274133022408236e+00
3.122995807161863979e+00
3.071075704877960000e+00
3.014832915223522036e+00
2.954588693965324531e+00
2.890664534372314520e+00
2.823380410311046251e+00
2.753053187988233397e+00
2.679995103681984236e+00
2.604510060584112274e+00
2.526883811405169489e+00
2.447370048460084657e+00
2.366215489676518402e+00
2.283526608416788228e+00
2.199382937699046359e+00
2.113789557126065421e+00
2.026675099472142971e+00
1.937893335139751372e+00
1.847227895779606666e+00
1.754399586590121185e+00
1.659075692711961647e+00
1.560880688579086240e+00
1.459407794547381787e+00
1.354230978374987071e+00
1.244919209174008223e+00
1.131056528756979596e+00
1.012265621356853051e+00
8.881915641111635118e-01
7.586429442443249904e-01
6.234853027283620008e-01
4.826942359031788921e-01
3.363618000056672885e-01
1.846981772354174822e-01
2.802908704749856872e-02
-1.332104399816975704e-01
-2.984852480403709096e-01
-4.671715162484734729e-01
-6.385698361730089978e-01
-8.119193473727814858e-01
-9.864134314453466557e-01
-1.161218320080011690e+00
-1.335493288877501961e+00
-1.508370947117582794e+00
-1.679095973539273201e+00
-1.846917890947440632e+00
-2.011145466161129214e+00
-2.171156375357259805e+00
-2.326403918584818875e+00
-2.476420989898876712e+00
-2.620821590652636424e+00
-2.759300217120122412e+00
-2.891629469727421409e+00
-3.017656227571391181e+00
-3.137296669483886191e+00
-3.250529403784067739e+00
-3.357385156487133759e+00
-3.457934193618513063e+00
-3.552486943091817562e+00
-3.640929845377334217e+00
-3.723380470059717506e+00
-3.799959859427830100e+00
-3.870795523395122117e+00
-3.936026974447498716e+00
-3.995811935704238316e+00
-4.050332020446417935e+00
-4.099797172732969841e+00
-4.144448513875117257e+00
-4.184559489174463742e+00
-4.220435378039975483e+00
-4.252411338040242406e+00
-4.280849215232889193e+00
-4.306133381557735618e+00
-4.328452258436922051e+00
-4.348444997996043782e+00
-4.366530266660777038e+00
-4.383119761169876227e+00
-4.398603334883713245e+00
-4.413333938936592205e+00
-4.427614184836224709e+00
-4.441685414784375396e+00
-4.455719490071476940e+00
-4.469813555551461093e+00
-4.483987889048510311e+00
-4.498186686031709236e+00
-4.512281460841607306e+00
-4.526076649905350635e+00
-4.539316960001286816e+00
-4.551696000276289844e+00
-4.562865758392550930e+00
-4.572446519693797562e+00
-4.580036876683431402e+00
-4.585223529235290307e+00
-4.587590630061671781e+00
-4.586728489552974075e+00
-4.582241660082366330e+00
-4.573756587779914895e+00
-4.560928622802203236e+00
-4.543922838392440156e+00
-4.521969777353803899e+00
-4.494844752944834099e+00
-4.462369439825075723e+00
-4.424413395898106671e+00
-4.380894548313413850e+00
-4.331778750368886932e+00
-4.277078528191152529e+00
-4.216851140783815843e+00
-4.151196076229505927e+00
-4.080252102043511186e+00
-4.004194077742919688e+00
-3.923231871463495501e+00
-3.837615397685142149e+00
-3.747643826580990378e+00
-3.653200716651969326e+00
-3.555211512829372644e+00
-3.454173434407466381e+00
-3.350658449667952343e+00
-3.245311670594051456e+00
-3.138798941238116313e+00
-3.031944201720405463e+00
-2.925571777493596315e+00
-2.820544851658412622e+00
-2.717752673460995361e+00
-2.618097209275910942e+00
-2.522479626254876095e+00
-2.431784786786937325e+00
-2.346860173158276108e+00
-2.268491544758365119e+00
-2.197379110134353830e+00
-2.134116683295016692e+00
-2.079175233322271499e+00
-2.032891467984353717e+00
-1.995461550982896792e+00
-1.966987212646382766e+00
-1.947333619927783310e+00
-1.936283777191198929e+00
-1.933498100972212974e+00
-1.938526502228980153e+00
-1.950822147179794630e+00
-1.969756326653917977e+00
-1.994634924596944803e+00
-2.024717832300078513e+00
-2.059239972042008482e+00
-2.097431951125539928e+00
-2.138539017070576698e+00
-2.181837514750740503e+00
-2.226648437593746532e+00
-2.272347947208055885e+00
-2.318374932987544046e+00
-2.364235814812183367e+00
-2.409506873532916149e+00
-2.453834437999161455e+00
-2.496933273885365345e+00
-2.538583516326136547e+00
-2.578626426262899507e+00
-2.616958231568744520e+00
-2.653520501890829664e+00
-2.688288232247915577e+00
-2.721257494039525326e+00
-2.752433899834680453e+00
-2.781822631697400183e+00
-2.809420420503938587e+00
-2.835209606056865894e+00
-2.859154230893767412e+00
-2.881198005345487978e+00
-2.901263912325409144e+00
-2.919255185409332043e+00
-2.935057383465876413e+00
-2.948541291992406332e+00
-2.959566418712847202e+00
-2.967985294496792825e+00
-2.973649148748905624e+00
-2.976414397390418021e+00
-2.976149109788623459e+00
-2.972738893620468392e+00
-2.966091859098278327e+00
-2.956142488203831409e+00
-2.942854352988038436e+00
-2.925651918580422617e+00
-2.905160495918800212e+00
-2.881434954917286184e+00
-2.854559927498101501e+00
-2.824647987852889841e+00
-2.791837321777588699e+00
-2.756288998569532467e+00
-2.718183530024283812e+00
-2.677716059158120832e+00
-2.635090668848486306e+00
-2.590514588367987869e+00
-2.544192797818666918e+00
-2.496322876972568050e+00
-2.447089442968848338e+00
-2.396658648183472629e+00
-2.345743247611921767e+00
-2.293859663290675144e+00
-2.241096724571105980e+00
-2.187513498992545991e+00
-2.133139769564758481e+00
-2.077977622542279246e+00
-2.022003947148709457e+00
-1.965173636332884444e+00
-1.907423280903827623e+00
-1.848675163110512498e+00
-1.788841375959764335e+00
-1.727827938592504164e+00
-1.665539247697590319e+00
-1.601883579548927905e+00
-1.536779145775917899e+00
-1.470159906525393634e+00
-1.401980537586902997e+00
-1.332218291150658596e+00
-1.260868173150608618e+00
-1.187933205851376739e+00
-1.113412983088358565e+00
-1.037292678341701579e+00
-9.595338130090214079e-01
-8.800674735241766911e-01
-7.987902288457140454e-01
-7.155627021143963207e-01
-6.302105582294103003e-01
-5.425275559264706171e-01
-4.522802575239698308e-01
-3.592139752984287449e-01
-2.630595476398371324e-01
-1.635406566216785484e-01
-6.038332457693803418e-02
4.666924291383897638e-02
1.578384792795741176e-01
2.732922665823283026e-01
3.931289105915057869e-01
5.173645354186577894e-01
6.459244826830856656e-01
7.786388292369526010e-01
9.152418190843661927e-01
1.055374802677979229e+00
1.198592161093658959e+00
1.344369640571459357e+00
1.492114516427357707e+00
1.641177030265431158e+00
1.790862589885335865e+00
1.940444279029463814e+00
2.089175287980789442e+00
2.236300941497045613e+00
2.381070064446346279e+00
2.522745485609968252e+00
2.660613535042753774e+00
2.793992439333004008e+00
2.922239561733170010e+00
3.044108643214351151e+00
3.159735386656377543e+00
3.268624689273321948e+00
3.370338153922565194e+00
3.464495819309731051e+00
3.550776979472098027e+00
3.628920180632962733e+00
3.698722486987879421e+00
3.760038107865960377e+00
3.812776477474541625e+00
3.856899875509545605e+00
3.892420601254113599e+00
3.919396140489225466e+00
3.937919525305501267e+00
3.948106438293993214e+00
3.950730566718791081e+00
3.945230635506787653e+00
3.931716868485636063e+00
3.910278788325957322e+00
3.880980599143602383e+00
3.843859227095167697e+00
3.798924727500776477e+00
3.746162680178872328e+00
3.685538157758513123e+00
3.617000850026929726e+00
3.540490949511007734e+00
3.455945512237297734e+00
3.363306621694800658e+00
3.262533967223989695e+00
3.153620140610627676e+00
3.036305218929404415e+00
2.911007823397513405e+00
2.777899001441420879e+00
2.637218999855931223e+00
2.489269545168350195e+00
2.334402220362161273e+00
2.173005301416560009e+00
2.005490645576457620e+00
1.832281644540218579e+00
1.653802828919902934e+00
1.470471402226385393e+00
1.282690766498061796e+00
1.090845956037801656e+00
8.953008033871905358e-01
6.963966090296317413e-01
4.947527131868840189e-01
2.903497021350097684e-01
8.346760958275613318e-02
-1.256216655552923334e-01
-3.366406310085070519e-01
-5.497664849164949352e-01
-7.641687848298035490e-01
-9.794727954303856787e-01
-1.195244943021150252e+00
-1.410979634438613628e+00
-1.626088900325988185e+00
-1.839896248711903493e+00
-2.051635255796124380e+00
-2.260452834736318195e+00
-2.465416744232449275e+00
-2.665526674480235947e+00
-2.859728137288201744e+00
-3.046928357457062475e+00
-3.226013388791288072e+00
-3.395865741081938616e+00
-3.554907150607895083e+00
-3.702564747357889541e+00
-3.837813154901811963e+00
-3.959696373083005483e+00
-4.067350099519834394e+00
-4.159975192470191985e+00
-4.237000590282686829e+00
-4.297949274075698156e+00
-4.342497517027091192e+00
-4.370479380963018912e+00
-4.381886893303196473e+00
-4.376866355239972251e+00
-4.355711333103418070e+00
-4.318852929077271696e+00
-4.266847930697426960e+00
-4.200365413342366239e+00
-4.120172410381429451e+00
-4.027121065724090343e+00
-3.922141081566145715e+00
-3.806236054199170216e+00
-3.680528413507638597e+00
-3.546111043422337517e+00
-3.404190013802598003e+00
-3.256027359127768861e+00
-3.102931925868834817e+00
-2.946248368405033347e+00
-2.787344679872942876e+00
-2.627598715067873236e+00
-2.468384179697581615e+00
-2.311056540885156885e+00
-2.156939270788778451e+00
-2.007310693781878097e+00
-1.863389788460546592e+00
-1.726317771216273389e+00
-1.597137381921152510e+00
-1.477421902435908763e+00
-1.367277654531298126e+00
-1.267348001349993147e+00
-1.178121011718433531e+00
-1.099926825073166192e+00
-1.032939428311723251e+00
-9.771822243954637610e-01
-9.325367236857631248e-01
-8.987536862562963691e-01
-8.754660726408940441e-01
-8.622032107115926713e-01
-8.584056492903551217e-01
-8.634402384142709774e-01
-8.766150472874472133e-01
-8.971938005623643075e-01
-9.237607522189800191e-01
-9.562141269384234477e-01
-9.937611212715002917e-01
-1.035612708578143470e+00
-1.080992190762251060e+00
-1.129142489257579207e+00
-1.179332232782346779e+00
-1.230858491901321683e+00
-1.283042278340778442e+00
-1.335218939382973424e+00
-1.386727135314093085e+00
-1.436898816757249620e+00
-1.485051599068230921e+00
-1.530484201025886115e+00
-1.572475108422999091e+00
-1.610584937244189163e+00
-1.643743015136325480e+00
-1.671188347172075206e+00
-1.692160467010781044e+00
-1.705908680050792769e+00
-1.711701874592747252e+00
-1.708838543744064964e+00
-1.696658895069339756e+00
-1.674562700678796867e+00
-1.642030580392503492e+00
-1.598644908209834181e+00
-1.544107798006891130e+00
-1.478253387222462578e+00
-1.401051383882797374e+00
-1.312603019353755451e+00
-1.212831211261937270e+00
-1.102385959646849933e+00
-9.816957581675396227e-01
-8.512700407627989962e-01
-7.116843810861565034e-01
-5.635662927463737093e-01
-4.075819837748441143e-01
-2.444242811159984541e-01
-7.480183745505178394e-02
1.005703436475984258e-01
2.809790832750054812e-01
4.657199009190700068e-01
6.541013022340587124e-01
8.454441837344192079e-01
1.039077697337113859e+00
1.234207302350904367e+00
1.430296011712376192e+00
1.626667110902617841e+00
1.822635457759707478e+00
2.017507005721284052e+00
2.210580068528959607e+00
2.401148133643569604e+00
2.588503954965146736e+00
2.771944620389635627e+00
2.950777284138517143e+00
3.124325268290960356e+00
3.291934265366448287e+00
3.452978408754060702e+00
3.606866016273872155e+00
3.753044851306722052e+00
3.891133345944986388e+00
4.020538222686633745e+00
4.140851094331589266e+00
4.251717374418106488e+00
4.352838007416485411e+00
4.444105031525060312e+00
4.525191066084019553e+00
4.595967191097719784e+00
4.656359954386649846e+00
4.706349870320496009e+00
4.745969446655227131e+00
4.775300806299779488e+00
4.794472970479614737e+00
4.803658867994891501e+00
4.803072132390572513e+00
4.792963745133096864e+00
4.773618578559249315e+00
4.745351887632008214e+00
4.708505794579066261e+00
4.663445805448126258e+00
4.610422822328817283e+00
4.549980623557290826e+00
4.482534416110254050e+00
4.408509800765854969e+00
4.328339864030090745e+00
4.243032229069648054e+00
4.152427019885339021e+00
4.056963610217700023e+00
3.957070692280606039e+00
3.853154804610196216e+00
3.745588563764637335e+00
3.634700300808949791e+00
3.520766067633351870e+00
3.404004450697014406e+00
3.284574263320634735e+00
3.162574944119864284e+00
3.038049338232459817e+00
2.910988455601830616e+00
2.781337767830039720e+00
2.649004607262320121e+00
2.513296466532439766e+00
2.374668882981783025e+00
2.232964720894491606e+00
2.088030050567930118e+00
1.939731269171344863e+00
1.787972051067103996e+00
1.632708402517306201e+00
1.473963041265352381e+00
1.311842590462958702e+00
1.146555443611199987e+00
9.784268573429080185e-01
8.079092646765332342e-01
6.355869154749932415e-01
4.621747232857501553e-01
2.885117093382384978e-01
1.155497496977463678e-01
-5.566149849078658868e-02
-2.239925509056479025e-01
-3.882539982761534225e-01
-5.472174836467593728e-01
-6.996369710840772971e-01
-8.442697280777644586e-01
-9.798987276211259534e-01
-1.105359996388661781e+00
-1.219572515018711556e+00
-1.321566808545231675e+00
-1.410509719590921751e+00
-1.485723951281981536e+00
-1.546701761404363218e+00
-1.593112749963087715e+00
-1.624806062269839035e+00
-1.641807571783351349e+00
-1.644312745395713371e+00
-1.632675955890956931e+00
-1.607397013342970471e+00
-1.569580394903001608e+00
-1.519469228803766114e+00
-1.457905283700223320e+00
-1.385817631583937004e+00
-1.304216268061155981e+00
-1.214186909631017164e+00
-1.116885244468054150e+00
-1.013529711794595389e+00
-9.053924442287488716e-01
-7.937883841325740208e-01
-6.800628240653900924e-01
-5.655777586613668362e-01
-4.516974986312944917e-01
-3.397740089603090152e-01
-2.311324095520391475e-01
-1.265822914752290362e-01
-2.785381010181511158e-02
6.389181548964946444e-02
1.475793298499144535e-01
2.222396887173086200e-01
2.864675114490543573e-01
3.401521268662721642e-01
3.827414220860470007e-01
4.138345384482516875e-01
4.331732977398010664e-01
4.406286745407109184e-01
4.361848231700853340e-01
4.199224068574555213e-01
3.920023988629087741e-01
3.526510923299223110e-01
3.021467367987829000e-01
2.408079895362072176e-01
1.689842089973107031e-01
8.704750966642882393e-02
-4.613570669996937268e-03
-1.050371956627151881e-01
-2.144067878444822772e-01
-3.323055689536932311e-01
-4.583037994758639710e-01
-5.919487950851776148e-01
-7.322711536019784750e-01
-8.792485961118042814e-01
-1.032299839612416115e+00
-1.190795936358235219e+00
-1.354068381391796194e+00
-1.521420737868981243e+00
-1.692141746481650610e+00
-1.865518508746090598e+00
-2.040848809897652938e+00
-2.217452005517972502e+00
-2.394678161268930072e+00
-2.571915327128553308e+00
-2.748594962468708047e+00
-2.924195619223787013e+00
-3.098245047750423975e+00
-3.270803669078654607e+00
-3.440990377367211916e+00
-3.608479732011622865e+00
-3.772983928164622025e+00
-3.934240600725287251e+00
-4.091999744701972475e+00
-4.246011635772955373e+00
-4.396017584945193235e+00
-4.541745369258580745e+00
-4.682908834689109234e+00
-4.819210396571203425e+00
-4.950345407508629059e+00
-5.076007596769533059e+00
-5.195894976916580532e+00
-5.309715769473173808e+00
-5.417755810467856925e+00
-5.519168693670544634e+00
-5.613726225643034695e+00
-5.701229194540299972e+00
-5.781510282237120713e+00
-5.854436204239249264e+00
-5.919909076304291418e+00
-5.977866319721909960e+00
-6.028277874583938711e+00
-6.071141458463049645e+00
-6.106477121396019392e+00
-6.134321916996248625e+00
-6.154724732843686930e+00
-6.167740733543248588e+00
-6.173425936124364632e+00
-6.171270861219116277e+00
-6.161912174820724175e+00
-6.145384747966827987e+00
-6.121714026552976584e+00
-6.090916715456965669e+00
-6.053042017669785224e+00
-6.008053528501662299e+00
-5.955955165429130282e+00
-5.896752921060377517e+00
-5.830458475036696342e+00
-5.757092779860244036e+00
-5.676689493383526575e+00
-5.589298604898908174e+00
-5.494990980066094544e+00
-5.393863341294614422e+00
-5.286042902809525046e+00
-5.171691073883333267e+00
-5.051003987516018867e+00
-4.924206295278403367e+00
-4.791540014428389505e+00
-4.653212133421256169e+00
-4.509502824603764282e+00
-4.360631972312958737e+00
-4.206792707569537271e+00
-4.048145973896993155e+00
-3.884160961406838641e+00
-3.715619970759393986e+00
-3.542578840536796836e+00
-3.365063786949141544e+00
-3.183076315085915375e+00
-2.996599038809773852e+00
-2.805602122938311460e+00
-2.610051986255934153e+00
-2.409925432764008058e+00
-2.205227198677356171e+00
-1.996007591483771826e+00
-1.782378040800037367e+00
-1.564523304211878463e+00
-1.342709740000030294e+00
-1.117289529258789438e+00
-8.893578833198745315e-01
-6.587448482639620684e-01
-4.260507472842437471e-01
-1.919445813815339463e-01
4.284611051248322922e-02
2.779423235185289331e-01
5.121177171438378029e-01
7.445408262905615082e-01
9.743696824975177639e-01
1.200763638613910445e+00
1.422894505884260585e+00
1.639956807194110633e+00
1.851177004969186024e+00
2.055821610985636205e+00
2.253204127789851796e+00
2.442690807525675467e+00
2.623705316569091117e+00
2.795734013133303719e+00
2.958334818102231090e+00
3.111148242336885694e+00
3.253512288363014093e+00
3.385678950257774211e+00
3.507589947240544959e+00
3.619296618841334023e+00
3.720958881505612048e+00
3.812841138256491291e+00
3.895305546759838311e+00
3.968803129210146885e+00
4.033863234528011432e+00
4.091081854652626859e+00
4.141109263983418387e+00
4.184637330618632411e+00
4.222385197417178659e+00
4.255080717349861708e+00
4.283439399654280777e+00
4.308143719439312846e+00
4.329824655739400008e+00
4.349046398902798316e+00
4.366294489443008686e+00
4.381967606547023664e+00
4.396373042721884339e+00
4.409725648376097595e+00
4.422149867037713733e+00
4.433684391073348330e+00
4.444288929748886119e+00
4.453852581016255030e+00
4.462203323677867317e+00
4.469118188474521247e+00
4.474333718273848959e+00
4.477556383774988547e+00
4.478472678257729100e+00
4.476758676200178755e+00
4.472089022926615698e+00
4.464145472254131164e+00
4.452624768216767670e+00
4.437245608910171057e+00
4.417754623122271518e+00
4.393933259102185573e+00
4.365609029452900636e+00
4.332669372359154281e+00
4.295075061119595361e+00
4.252871212065484130e+00
4.206194834539221716e+00
4.155278503615305041e+00
4.100450175249611640e+00
4.041654712654734638e+00
3.979896318828698210e+00
3.915753749247067539e+00
3.849870171448392497e+00
3.782940671612864847e+00
3.715699009977549316e+00
3.648904031670041626e+00
3.583324189988267072e+00
3.519717087728468030e+00
3.458806101812982092e+00
3.401257449801849297e+00
3.347659852743110065e+00
3.298507019114764738e+00
3.254181713810617715e+00
3.214942456235961199e+00
3.181389022957769708e+00
3.153008691923945506e+00
3.129651992030890284e+00
3.111036371163190317e+00
3.096754810600619301e+00
3.086944477110277418e+00
3.080295879309425722e+00
3.076110314580939420e+00
3.073623664801266031e+00
3.072023841495837182e+00
3.070468097791600126e+00
3.068099798019622071e+00
3.064065316554724028e+00
3.057532602521935150e+00
3.047710264979540895e+00
3.033865385244964408e+00
3.015338903216037814e+00
2.991557942011517923e+00
2.962044812177733633e+00
2.926422703551764481e+00
2.883761419071946719e+00
2.834582247255159615e+00
2.778813823235383840e+00
2.716480630409663366e+00
2.647696623938052607e+00
2.572657607019178450e+00
2.491632722343813722e+00
2.404955385658611000e+00
2.313013948775802575e+00
2.216242338312700344e+00
2.115110875874476548e+00
2.010117446663761687e+00
1.901779147517469681e+00
1.790624512692140291e+00
1.677186386634606396e+00
1.561433704535519329e+00
1.444480723535442657e+00
1.326835992637945161e+00
1.208990968847555525e+00
1.091416395238177461e+00
9.745593284329850947e-01
8.588407757511711260e-01
7.446538973383132198e-01
6.323627254447996560e-01
5.223013513772871708e-01
4.147735302685388037e-01
3.100527270885399811e-01
2.083842233292681478e-01
1.099921600475737282e-01
1.508996430890211307e-02
-7.554676055735395912e-02
-1.622851715975355269e-01
-2.448812539024721457e-01
-3.230674195424989015e-01
-3.965498833511760246e-01
-4.655703753116244847e-01
-5.291933692994594818e-01
-5.870561582004263368e-01
-6.387814351610323627e-01
-6.839838202744271678e-01
-7.222770146524782886e-01
-7.532812957050616376e-01
-7.766327096276139930e-01
-7.919966226291733635e-01
-7.990839128464841679e-01
-7.976669817639647775e-01
-7.875937451880274942e-01
-7.687986821161092443e-01
-7.413106933655364550e-01
-7.052575611165492475e-01
-6.603051951130974873e-01
-6.073704042450105423e-01
-5.468698557701723306e-01
-4.793056072171776316e-01
-4.052558521604249231e-01
-3.258390398236364893e-01
-2.412531299333313117e-01
-1.522391128192507881e-01
-5.956790975467417260e-02
3.597143377055589397e-02
1.335830487305953440e-01
2.324748339346935366e-01
3.318683171316506586e-01
4.310079145356272567e-01
5.291693963029545644e-01
6.256673071001678244e-01
7.198611521496477428e-01
8.111592522408590522e-01
8.990184539741026271e-01
9.829406871496969567e-01
1.062942849549895818e+00
1.138102489115421223e+00
1.208028711545695577e+00
1.272357450355579678e+00
1.330748859228676695e+00
1.382672180323058164e+00
1.428057287204334447e+00
1.466631104341621139e+00
1.498144022044798351e+00
1.522371338649926908e+00
1.539114993149188315e+00
1.548205466835984367e+00
1.549504747027082630e+00
1.542912051189093692e+00
1.528371274964577253e+00
1.505878433922705373e+00
1.475487964303539012e+00
1.437317102751820785e+00
1.391547813188166005e+00
1.338426338004064853e+00
1.278474317388678116e+00
1.211832554117700633e+00
1.138919435701557958e+00
1.060199060819256411e+00
9.761741669956135459e-01
8.875132668222083243e-01
7.946322944256017928e-01
6.981053888845274447e-01
5.985156631148789153e-01
4.964483939945013580e-01
3.924847062861648306e-01
2.871958288209050525e-01
1.811381065043671523e-01
7.484903248889121508e-02
-3.115581634128752192e-02
-1.363851669916366638e-01
-2.403739033941753311e-01
-3.426840310728337946e-01
-4.429040133705041682e-01
-5.406469490211078810e-01
-6.356829354350727046e-01
-7.275261786652972296e-01
-8.158515598714448647e-01
-9.003514748199417106e-01
-9.807352805596047940e-01
-1.056159492617431361e+00
-1.126967637376105058e+00
-1.192920153768205038e+00
-1.253796830748499680e+00
-1.309398019888916131e+00
-1.359545896562188716e+00
-1.404085703367668359e+00
-1.442887368050771446e+00
-1.475848252562840912e+00
-1.502896569187003983e+00
-1.523994691977197835e+00
-1.539141863194549931e+00
-1.548376013371926652e+00
-1.551774571947410752e+00
-1.549454256524325668e+00
-1.542139694691321949e+00
-1.529422005233293413e+00
-1.511526980432641221e+00
-1.488710422100846253e+00
-1.461254433263488917e+00
