4 22 11
6 25 16
6 27 14
7 24 11
7 24 15
7 24 19
7 26 10
7 27 10
7 28 11
7 29 13
7 30 13
7 30 15
7 31 14
7 32 13
7 33 12
7 33 13
7 33 16
7 34 15
7 36 15
7 38 7
7 38 13
7 38 14
7 39 13
8 21 15
8 22 17
8 23 10
8 28 12
8 30 11
8 30 17
8 32 10
8 32 17
8 33 11
8 34 12
8 34 17
8 35 12
8 35 16
8 35 17
8 36 15
8 36 16
8 38 11
8 38 12
8 41 8
9 21 19
9 25 14
9 26 15
9 26 17
9 26 21
9 27 12
9 28 23
9 29 16
9 30 8
9 30 21
9 31 8
9 34 10
9 34 11
9 35 12
9 35 15
9 35 18
9 35 21
9 36 10
9 36 11
9 36 12
9 36 13
9 37 6
9 37 9
9 37 14
9 37 19
9 38 0
9 38 12
9 38 13
9 38 15
9 38 17
9 38 18
9 38 19
9 39 13
9 39 16
9 39 17
9 39 18
9 40 13
9 40 17
9 42 10
9 42 17
10 11 16
10 15 15
10 16 13
10 17 13
10 18 18
10 19 26
10 23 9
10 25 24
10 28 15
10 29 25
10 34 22
10 35 7
10 35 9
10 35 22
10 35 23
10 36 8
10 36 9
10 36 10
10 36 20
10 36 22
10 37 0
10 37 18
10 37 19
10 37 20
10 37 21
10 38 11
10 38 19
10 38 20
10 39 10
10 39 15
10 39 16
10 39 17
10 40 11
10 40 12
10 40 14
10 40 17
10 40 19
10 41 12
10 41 13
10 41 14
10 41 15
10 42 13
10 42 16
10 43 10
10 44 6
11 13 15
11 14 15
11 15 17
11 18 27
11 19 20
11 20 0
11 21 28
11 22 11
11 23 16
11 23 19
11 23 21
11 24 11
11 24 14
11 25 14
11 25 15
11 25 23
11 26 17
11 26 20
11 26 21
11 27 15
11 29 10
11 31 14
11 34 1
11 34 14
11 34 15
11 35 12
11 36 22
11 36 23
11 37 3
11 37 21
11 37 22
11 39 7
11 39 8
11 39 9
11 39 11
11 39 13
11 39 15
11 39 16
11 39 20
11 40 7
11 40 11
11 40 12
11 40 14
11 40 18
11 40 20
11 41 11
11 41 12
11 42 11
11 42 12
11 42 16
11 42 19
11 43 7
11 43 9
11 43 13
11 43 14
11 43 16
11 43 17
11 44 9
11 44 11
11 44 13
11 44 14
11 44 15
11 44 16
11 45 15
11 46 7
11 46 11
12 9 15
12 16 27
12 20 11
12 20 14
12 20 15
12 21 21
12 22 14
12 22 21
12 23 17
12 23 19
12 26 15
12 27 18
12 27 22
12 27 23
12 29 12
12 29 15
12 29 16
12 30 22
12 30 24
12 32 0
12 33 13
12 35 2
12 35 4
12 36 9
12 36 16
12 37 2
12 38 6
12 38 22
12 39 2
12 39 7
12 39 8
12 39 21
12 40 14
12 40 18
12 40 19
12 42 8
12 42 14
12 43 7
12 43 9
12 43 14
12 43 15
12 43 17
12 43 19
12 44 9
12 44 10
12 44 16
12 45 9
12 45 10
12 45 13
12 45 16
12 45 17
13 10 19
13 11 17
13 12 18
13 17 12
13 19 9
13 19 13
13 20 15
13 20 16
13 20 17
13 22 8
13 22 10
13 22 12
13 22 23
13 23 22
13 24 14
13 24 24
13 25 22
13 26 13
13 26 20
13 27 10
13 27 24
13 28 23
13 29 0
13 29 24
13 31 12
13 31 17
13 31 18
13 32 13
13 32 22
13 32 24
13 33 19
13 33 20
13 34 2
13 34 8
13 35 8
13 36 15
13 37 3
13 37 9
13 37 15
13 38 6
13 39 14
13 39 23
13 40 9
13 41 8
13 42 4
13 42 7
13 42 8
13 43 8
13 43 10
13 44 1
13 44 4
13 44 8
13 44 9
13 45 7
13 45 9
13 46 13
13 46 14
13 46 16
13 46 17
13 47 11
13 48 11
14 10 20
14 11 18
14 12 16
14 15 16
14 15 28
14 16 12
14 16 20
14 18 10
14 19 17
14 20 8
14 21 25
14 22 21
14 22 22
14 22 23
14 23 1
14 23 21
14 23 23
14 23 31
14 24 14
14 24 16
14 25 10
14 25 12
14 25 18
14 25 19
14 26 19
14 26 20
14 26 21
14 26 23
14 27 24
14 31 12
14 31 21
14 33 0
14 33 15
14 33 22
14 33 23
14 34 0
14 34 9
14 34 10
14 34 24
14 35 21
14 36 0
14 37 5
14 37 10
14 37 14
14 39 18
14 40 15
14 40 18
14 41 13
14 42 3
14 42 8
14 43 1
14 44 4
14 44 7
14 44 8
14 45 7
14 45 9
14 45 13
14 46 7
14 46 8
14 47 13
14 47 20
14 49 15
15 10 22
15 12 20
15 13 16
15 13 21
15 15 11
15 16 19
15 17 19
15 17 22
15 19 23
15 21 20
15 22 22
15 22 24
15 22 26
15 23 15
15 24 12
15 24 18
15 25 22
15 26 20
15 26 21
15 26 24
15 26 25
15 27 16
15 28 17
15 29 15
15 29 24
15 29 26
15 32 12
15 32 20
15 32 22
15 33 12
15 33 19
15 34 25
15 35 19
15 35 21
15 36 8
15 36 23
15 37 1
15 37 5
15 37 12
15 38 5
15 38 12
15 39 18
15 40 14
15 40 15
15 40 19
15 42 3
15 42 4
15 45 2
15 46 7
15 47 7
15 47 10
15 47 12
15 49 19
16 9 17
16 9 19
16 9 21
16 9 22
16 10 19
16 11 14
16 15 17
16 16 15
16 16 16
16 18 11
16 18 19
16 18 23
16 19 17
16 19 24
16 20 13
16 20 15
16 21 0
16 21 13
16 21 18
16 21 22
16 21 26
16 22 2
16 22 9
16 22 18
16 22 23
16 23 9
16 23 14
16 23 16
16 23 18
16 23 24
16 23 26
16 24 12
16 25 12
16 25 22
16 25 27
16 26 0
16 26 11
16 26 13
16 26 20
16 26 23
16 26 25
16 27 11
16 27 24
16 27 26
16 28 1
16 28 12
16 29 12
16 29 19
16 30 8
16 30 12
16 30 19
16 31 11
16 31 21
16 31 24
16 32 14
16 33 24
16 34 24
16 35 17
16 37 1
16 37 16
16 37 17
16 38 12
16 38 17
16 39 18
16 40 3
16 40 6
16 41 12
16 42 5
16 43 4
16 43 10
16 43 12
16 44 9
16 45 1
16 45 3
16 46 10
16 46 11
16 47 8
16 48 8
16 49 16
17 6 15
17 7 4
17 7 5
17 9 20
17 9 24
17 11 8
17 13 19
17 13 23
17 14 12
17 15 19
17 16 21
17 17 14
17 18 17
17 19 11
17 19 17
17 20 1
17 20 8
17 21 8
17 22 2
17 22 17
17 22 24
17 23 23
17 23 24
17 23 25
17 23 27
17 24 1
17 24 15
17 24 24
17 25 2
17 25 22
17 25 24
17 25 26
17 26 11
17 26 12
17 26 14
17 26 22
17 26 23
17 26 25
17 27 12
17 27 14
17 27 21
17 27 28
17 28 10
17 28 13
17 28 24
17 29 10
17 29 21
17 29 25
17 31 0
17 31 8
17 32 17
17 33 11
17 33 18
17 33 19
17 33 21
17 35 23
17 36 1
17 36 16
17 37 10
17 37 23
17 39 12
17 40 15
17 41 18
17 43 18
17 43 19
17 44 10
17 47 10
17 47 15
17 48 22
17 49 8
17 52 17
17 53 11
18 10 9
18 12 18
18 13 10
18 13 14
18 14 17
18 15 7
18 15 14
18 15 18
18 16 17
18 18 8
18 18 26
18 19 25
18 21 8
18 22 22
18 22 27
18 23 0
18 23 10
18 23 15
18 23 22
18 23 23
18 23 25
18 23 26
18 24 1
18 24 17
18 24 24
18 25 22
18 25 26
18 26 1
18 26 23
18 26 27
18 27 10
18 27 11
18 30 0
18 30 7
18 30 17
18 30 18
18 30 19
18 31 13
18 31 23
18 31 24
18 32 13
18 32 20
18 32 21
18 32 22
18 33 0
18 33 17
18 34 14
18 35 0
18 35 13
18 36 24
18 37 12
18 38 20
18 38 23
18 39 17
18 41 22
18 42 20
18 44 6
18 45 15
18 46 10
18 47 9
18 47 11
18 48 1
18 48 10
18 49 22
18 51 12
18 53 13
18 54 16
19 4 17
19 6 17
19 6 21
19 6 22
19 7 20
19 8 4
19 8 15
19 8 25
19 10 4
19 11 12
19 11 19
19 12 13
19 14 6
19 14 12
19 15 14
19 15 15
19 16 26
19 18 25
19 19 16
19 19 17
19 19 26
19 20 26
19 21 15
19 21 20
19 21 21
19 21 25
19 22 15
19 23 15
19 23 20
19 24 24
19 24 26
19 24 27
19 24 28
19 25 20
19 25 22
19 25 23
19 25 24
19 25 25
19 26 14
19 26 23
19 26 27
19 27 1
19 27 14
19 27 16
19 27 22
19 27 25
19 28 16
19 29 19
19 31 11
19 31 26
19 32 13
19 32 20
19 33 4
19 33 8
19 34 13
19 36 23
19 37 11
19 37 13
19 37 17
19 37 24
19 37 25
19 38 5
19 38 13
19 39 20
19 40 23
19 41 10
19 41 15
19 41 20
19 42 22
19 44 27
19 45 13
19 45 14
19 46 2
19 47 9
19 47 11
19 50 21
19 52 18
19 53 12
20 3 15
20 4 18
20 4 19
20 6 24
20 8 4
20 9 4
20 10 18
20 12 18
20 13 12
20 15 10
20 16 0
20 17 19
20 17 20
20 17 25
20 17 28
20 18 18
20 19 6
20 20 6
20 20 25
20 21 25
20 23 11
20 23 18
20 23 19
20 23 25
20 24 12
20 24 14
20 24 18
20 24 27
20 25 12
20 25 20
20 25 22
20 25 26
20 26 18
20 27 17
20 27 18
20 27 23
20 27 25
20 27 27
20 29 10
20 30 27
20 31 6
20 31 12
20 31 17
20 32 1
20 32 14
20 34 1
20 34 14
20 35 1
20 35 20
20 35 25
20 36 17
20 36 20
20 36 23
20 36 24
20 38 13
20 38 15
20 39 9
20 39 11
20 39 12
20 40 7
20 40 12
20 40 23
20 41 8
20 43 6
20 43 7
20 44 13
20 45 14
20 46 9
20 46 10
20 47 15
20 49 16
20 50 23
21 4 10
21 6 24
21 9 4
21 9 13
21 10 13
21 11 17
21 12 11
21 13 7
21 13 23
21 14 23
21 14 25
21 15 18
21 16 17
21 16 20
21 17 7
21 17 16
21 17 21
21 17 26
21 20 7
21 20 10
21 20 19
21 21 9
21 21 11
21 21 13
21 21 15
21 21 19
21 22 14
21 22 25
21 22 28
21 24 14
21 24 18
21 24 26
21 25 18
21 25 19
21 25 24
21 25 26
21 25 28
21 27 14
21 27 17
21 27 21
21 28 0
21 28 26
21 29 14
21 29 26
21 31 22
21 31 23
21 33 1
21 33 17
21 33 27
21 34 1
21 34 19
21 34 22
21 34 25
21 35 7
21 35 14
21 35 22
21 35 27
21 36 20
21 36 24
21 36 26
21 37 26
21 38 16
21 38 19
21 39 10
21 39 14
21 39 20
21 40 12
21 40 17
21 40 22
21 43 10
21 43 12
21 43 18
21 43 21
21 44 5
21 44 24
21 45 10
21 45 14
21 49 8
21 49 17
21 51 14
21 56 12
22 3 20
22 4 22
22 6 25
22 8 16
22 9 19
22 10 8
22 11 9
22 12 6
22 12 14
22 13 19
22 14 9
22 15 7
22 15 17
22 15 19
22 16 9
22 16 17
22 16 19
22 16 23
22 16 26
22 17 20
22 18 12
22 18 13
22 18 21
22 18 26
22 19 25
22 19 29
22 20 15
22 20 29
22 21 16
22 21 22
22 21 23
22 22 23
22 22 26
22 23 26
22 23 30
22 24 16
22 24 30
22 25 13
22 25 14
22 25 15
22 25 16
22 25 19
22 25 25
22 26 22
22 26 29
22 27 13
22 27 26
22 28 11
22 28 15
22 28 20
22 29 28
22 31 14
22 31 22
22 32 12
22 32 13
22 32 16
22 32 28
22 34 10
22 34 27
22 35 15
22 35 21
22 36 14
22 36 25
22 37 6
22 37 12
22 37 13
22 37 23
22 38 13
22 38 14
22 38 17
22 39 23
22 40 8
22 40 16
22 40 17
22 41 9
22 41 16
22 42 11
22 42 12
22 42 25
22 43 10
22 43 12
22 44 13
22 44 21
22 46 12
22 47 21
22 48 2
22 48 10
22 48 12
22 55 17
23 5 10
23 7 10
23 7 16
23 7 20
23 8 4
23 8 28
23 9 20
23 11 8
23 12 10
23 12 22
23 12 25
23 13 17
23 13 25
23 14 9
23 14 20
23 14 25
23 15 16
23 15 21
23 17 15
23 17 22
23 17 23
23 17 24
23 18 11
23 18 19
23 18 23
23 19 29
23 20 29
23 21 25
23 22 25
23 23 14
23 24 16
23 24 30
23 25 20
23 26 1
23 27 20
23 27 28
23 27 29
23 28 11
23 28 13
23 28 16
23 28 19
23 28 21
23 29 12
23 29 24
23 29 29
23 30 14
23 30 20
23 31 18
23 32 7
23 32 27
23 33 15
23 33 16
23 34 13
23 34 26
23 35 10
23 35 17
23 36 15
23 36 19
23 36 23
23 37 19
23 39 24
23 40 22
23 41 1
23 42 23
23 43 7
23 44 8
23 44 25
23 45 2
23 45 14
23 45 15
23 45 18
23 45 22
23 46 12
23 46 20
23 47 7
23 47 12
23 47 18
23 49 9
23 49 12
23 49 14
23 49 19
23 56 14
24 7 3
24 8 3
24 8 16
24 9 18
24 9 29
24 10 12
24 10 14
24 10 15
24 10 30
24 12 20
24 12 21
24 13 20
24 13 21
24 14 26
24 16 3
24 16 6
24 16 14
24 16 20
24 16 22
24 16 25
24 17 7
24 17 8
24 18 8
24 18 20
24 18 29
24 19 21
24 19 27
24 20 12
24 20 24
24 21 1
24 21 12
24 21 15
24 21 17
24 21 18
24 22 29
24 23 18
24 24 19
24 24 22
24 24 29
24 25 25
24 26 27
24 26 29
24 27 10
24 27 18
24 27 22
24 28 21
24 30 13
24 30 23
24 31 13
24 31 18
24 31 23
24 31 30
24 32 7
24 32 13
24 32 21
24 32 23
24 33 18
24 33 23
24 34 13
24 35 10
24 35 13
24 35 14
24 35 21
24 36 13
24 36 15
24 36 22
24 36 27
24 37 24
24 38 6
24 38 17
24 38 19
24 41 25
24 42 7
24 43 16
24 43 17
24 44 7
24 44 16
24 44 24
24 45 23
24 46 21
24 46 23
24 47 18
24 48 18
24 48 22
24 49 17
24 50 19
24 51 15
25 2 21
25 5 5
25 5 9
25 5 26
25 7 20
25 8 17
25 8 21
25 9 5
25 9 12
25 9 16
25 9 21
25 10 12
25 12 3
25 13 22
25 15 13
25 16 6
25 16 23
25 16 26
25 17 5
25 17 27
25 17 29
25 18 14
25 18 23
25 18 24
25 20 23
25 21 6
25 21 15
25 22 13
25 22 19
25 22 29
25 23 29
25 24 24
25 24 30
25 25 0
25 25 10
25 25 17
25 25 26
25 26 12
25 26 27
25 27 15
25 27 28
25 27 31
25 28 14
25 28 30
25 29 12
25 29 20
25 30 19
25 31 18
25 31 20
25 31 26
25 32 22
25 32 29
25 33 10
25 33 18
25 33 20
25 33 26
25 33 29
25 34 7
25 34 13
25 34 19
25 34 26
25 34 29
25 35 27
25 36 13
25 36 19
25 36 23
25 36 26
25 37 21
25 38 21
25 39 22
25 40 8
25 41 24
25 41 25
25 42 20
25 42 24
25 43 20
25 45 17
25 46 20
25 47 15
25 48 18
25 49 12
25 50 10
25 52 7
25 56 12
26 4 5
26 5 4
26 5 5
26 6 7
26 6 18
26 7 18
26 8 6
26 8 13
26 8 17
26 9 14
26 9 30
26 10 18
26 10 20
26 10 25
26 11 18
26 11 23
26 12 22
26 13 27
26 14 14
26 14 20
26 15 16
26 15 21
26 16 14
26 17 15
26 17 20
26 17 21
26 17 29
26 18 10
26 18 19
26 18 20
26 18 25
26 18 26
26 18 27
26 19 19
26 19 27
26 20 26
26 21 24
26 21 25
26 22 26
26 24 13
26 24 16
26 24 22
26 24 25
26 25 11
26 25 14
26 25 31
26 26 23
26 26 31
26 27 10
26 27 12
26 27 13
26 27 16
26 29 10
26 29 19
26 30 16
26 30 27
26 30 32
26 31 16
26 31 22
26 33 17
26 33 21
26 33 26
26 34 12
26 34 14
26 34 22
26 35 26
26 36 26
26 37 26
26 38 17
26 38 26
26 40 4
26 40 16
26 40 18
26 40 24
26 41 13
26 41 25
26 42 6
26 42 7
26 42 17
26 44 21
26 45 14
26 45 19
26 45 21
26 47 10
26 48 18
26 49 16
26 50 8
26 50 12
26 50 16
26 51 7
26 52 9
26 53 8
27 0 18
27 4 5
27 4 13
27 5 9
27 6 7
27 6 18
27 7 2
27 7 18
27 7 19
27 8 11
27 9 11
27 9 15
27 9 20
27 11 11
27 11 14
27 11 17
27 11 22
27 12 3
27 12 17
27 12 22
27 13 6
27 13 12
27 14 17
27 14 26
27 15 14
27 15 17
27 15 21
27 15 24
27 16 0
27 16 23
27 16 27
27 17 13
27 17 29
27 18 6
27 18 12
27 18 28
27 19 4
27 19 19
27 19 26
27 20 4
27 20 18
27 20 20
27 20 23
27 20 27
27 21 15
27 21 22
27 22 18
27 23 1
27 23 21
27 23 24
27 24 13
27 24 15
27 25 18
27 25 21
27 25 30
27 26 20
27 26 21
27 26 27
27 27 13
27 28 24
27 29 12
27 29 16
27 29 19
27 29 20
27 29 27
27 30 14
27 30 21
27 30 23
27 30 24
27 31 22
27 33 24
27 33 26
27 34 16
27 34 26
27 36 23
27 37 14
27 37 21
27 38 12
27 38 17
27 39 21
27 40 22
27 41 18
27 41 22
27 42 6
27 44 9
27 44 21
27 46 19
27 47 6
27 48 7
27 48 16
27 48 17
27 49 10
27 49 17
27 50 15
27 51 7
27 53 14
27 55 15
27 55 17
28 3 5
28 4 6
28 4 9
28 7 20
28 8 11
28 9 11
28 9 13
28 9 17
28 9 20
28 10 20
28 10 22
28 12 21
28 13 20
28 15 6
28 15 19
28 15 26
28 16 20
28 17 9
28 17 21
28 19 7
28 19 14
28 19 26
28 19 28
28 20 4
28 20 12
28 20 19
28 20 20
28 20 28
28 21 4
28 21 13
28 21 16
28 21 18
28 21 22
28 21 23
28 21 24
28 22 15
28 23 1
28 23 6
28 23 15
28 24 15
28 24 26
28 25 26
28 25 30
28 26 15
28 27 30
28 27 32
28 28 14
28 28 20
28 28 32
28 29 14
28 29 15
28 29 17
28 29 24
28 30 18
28 30 26
28 31 13
28 31 21
28 31 32
28 32 14
28 32 15
28 32 31
28 33 10
28 33 17
28 34 14
28 34 16
28 34 26
28 35 27
28 35 28
28 35 30
28 36 13
28 36 18
28 36 19
28 36 28
28 38 13
28 38 17
28 38 24
28 39 6
28 39 16
28 39 19
28 40 28
28 41 5
28 41 11
28 42 5
28 42 14
28 42 31
28 43 7
28 43 12
28 43 24
28 44 9
28 44 24
28 45 17
28 48 13
28 48 18
28 49 17
28 53 14
28 55 15
29 3 6
29 4 4
29 6 7
29 8 13
29 8 21
29 9 11
29 9 17
29 10 8
29 10 9
29 10 10
29 10 19
29 11 11
29 11 22
29 11 23
29 12 18
29 12 20
29 13 7
29 13 13
29 13 16
29 13 17
29 13 20
29 14 11
29 14 19
29 14 20
29 14 25
29 15 20
29 15 21
29 15 22
29 16 7
29 16 18
29 16 27
29 17 22
29 17 24
29 17 26
29 18 12
29 19 1
29 19 4
29 19 9
29 19 15
29 19 20
29 20 1
29 20 3
29 20 8
29 20 15
29 21 18
29 22 7
29 22 16
29 22 18
29 22 28
29 23 19
29 23 30
29 24 1
29 24 19
29 24 21
29 24 24
29 24 26
29 25 22
29 25 23
29 26 29
29 27 6
29 27 29
29 27 31
29 28 12
29 28 23
29 28 32
29 29 10
29 29 13
29 29 32
29 30 12
29 31 22
29 31 27
29 31 30
29 32 25
29 32 30
29 33 17
29 33 21
29 33 28
29 34 24
29 34 27
29 34 32
29 35 13
29 35 24
29 35 26
29 35 28
29 36 20
29 36 24
29 37 18
29 38 6
29 38 14
29 38 24
29 38 25
29 39 22
29 39 27
29 40 16
29 40 18
29 40 22
29 40 24
29 41 10
29 41 14
29 41 19
29 41 23
29 41 25
29 41 26
29 42 13
29 42 21
29 42 25
29 42 26
29 43 14
29 43 17
29 43 24
29 44 8
29 44 25
29 45 12
29 46 18
29 46 20
29 47 9
29 48 17
29 49 14
29 49 16
29 50 9
29 51 14
29 51 18
29 52 6
29 53 10
30 0 15
30 3 12
30 8 11
30 8 12
30 8 19
30 9 11
30 9 14
30 9 21
30 10 17
30 11 0
30 11 11
30 11 15
30 13 2
30 13 20
30 13 21
30 14 19
30 15 13
30 15 15
30 15 27
30 17 3
30 17 11
30 17 14
30 18 23
30 19 12
30 20 1
30 20 4
30 20 12
30 21 19
30 21 24
30 21 25
30 21 27
30 22 11
30 22 12
30 22 24
30 22 28
30 23 6
30 23 8
30 23 21
30 23 27
30 24 11
30 24 23
30 24 25
30 24 28
30 25 0
30 25 6
30 25 15
30 25 25
30 25 27
30 26 15
30 26 18
30 26 22
30 26 25
30 28 17
30 28 18
30 29 18
30 29 21
30 29 27
30 30 23
30 30 24
30 30 29
30 31 18
30 31 20
30 32 14
30 32 19
30 32 24
30 32 31
30 33 15
30 33 21
30 33 30
30 34 14
30 34 15
30 35 10
30 35 13
30 35 15
30 35 19
30 35 20
30 36 16
30 37 14
30 37 19
30 37 24
30 37 27
30 38 14
30 39 18
30 39 26
30 40 8
30 40 13
30 41 5
30 41 22
30 41 24
30 42 6
30 42 12
30 42 25
30 43 17
30 43 23
30 45 7
30 45 8
30 45 22
30 45 25
30 46 20
30 46 22
30 47 7
30 47 18
30 47 20
30 47 21
30 49 11
30 49 16
30 49 19
30 51 7
30 54 12
30 63 18
31 9 14
31 9 16
31 11 17
31 12 13
31 13 25
31 16 8
31 16 18
31 16 22
31 17 17
31 17 21
31 18 0
31 18 3
31 18 4
31 18 17
31 18 25
31 19 6
31 20 12
31 20 22
31 22 20
31 22 28
31 23 19
31 24 15
31 24 26
31 24 29
31 24 30
31 25 29
31 26 14
31 26 21
31 26 29
31 27 28
31 29 14
31 29 26
31 29 27
31 30 28
31 30 30
31 31 30
31 32 12
31 32 16
31 32 17
31 32 28
31 32 30
31 33 18
31 34 13
31 34 15
31 35 6
31 35 15
31 35 28
31 35 29
31 36 7
31 36 19
31 37 15
31 37 21
31 38 16
31 38 21
31 38 22
31 39 18
31 39 23
31 40 5
31 40 19
31 40 26
31 40 27
31 41 9
31 41 12
31 41 16
31 41 27
31 42 12
31 43 12
31 43 14
31 43 22
31 43 25
31 44 13
31 45 8
31 45 23
31 46 22
31 46 23
31 47 13
31 47 14
31 48 9
31 48 10
31 48 16
31 49 11
31 49 21
31 50 14
31 50 15
31 51 10
31 51 18
31 52 15
31 52 17
31 63 17
32 3 6
32 3 10
32 3 23
32 6 2
32 6 20
32 7 5
32 7 18
32 8 18
32 9 17
32 11 16
32 12 27
32 13 5
32 14 15
32 15 26
32 16 13
32 16 26
32 17 25
32 18 12
32 18 18
32 18 25
32 19 23
32 19 24
32 19 26
32 19 27
32 20 19
32 20 22
32 20 23
32 21 12
32 21 24
32 22 12
32 22 21
32 22 22
32 23 9
32 23 20
32 23 21
32 23 22
32 23 24
32 23 26
32 23 27
32 24 15
32 25 14
32 25 15
32 25 29
32 25 32
32 26 14
32 26 21
32 26 23
32 27 17
32 27 27
32 28 13
32 28 29
32 29 17
32 29 27
32 29 29
32 30 18
32 30 32
32 31 17
32 31 18
32 31 21
32 32 7
32 32 8
32 32 12
32 32 15
32 32 26
32 33 17
32 33 18
32 34 13
32 35 11
32 35 13
32 36 11
32 36 14
32 36 15
32 37 9
32 37 15
32 37 16
32 37 28
32 38 9
32 38 14
32 39 7
32 39 9
32 39 25
32 40 5
32 40 10
32 40 15
32 40 18
32 41 17
32 42 24
32 43 16
32 43 25
32 44 22
32 45 10
32 45 24
32 46 8
32 46 14
32 46 23
32 47 13
32 47 16
32 48 21
32 49 10
32 49 12
32 49 16
32 49 21
32 51 7
32 51 11
32 53 13
33 3 10
33 6 6
33 6 22
33 7 16
33 8 21
33 8 22
33 11 12
33 11 23
33 12 11
33 13 17
33 14 14
33 14 20
33 14 33
33 16 12
33 16 19
33 16 22
33 16 27
33 16 28
33 17 0
33 17 2
33 17 4
33 17 22
33 17 29
33 18 12
33 18 15
33 18 21
33 19 12
33 19 17
33 19 18
33 19 19
33 19 27
33 20 19
33 20 20
33 20 22
33 21 13
33 23 8
33 23 29
33 24 21
33 25 28
33 25 32
33 26 7
33 26 13
33 26 17
33 26 22
33 26 27
33 27 23
33 27 31
33 28 14
33 28 17
33 28 28
33 28 30
33 31 12
33 31 23
33 31 27
33 31 32
33 32 25
33 33 13
33 33 20
33 33 28
33 34 10
33 34 13
33 34 24
33 35 14
33 35 18
33 37 14
33 37 28
33 38 23
33 39 15
33 39 26
33 40 13
33 40 14
33 40 16
33 40 28
33 41 10
33 41 15
33 41 16
33 41 24
33 42 8
33 42 17
33 43 12
33 43 20
33 43 21
33 44 6
33 44 19
33 44 24
33 46 5
33 46 9
33 46 10
33 46 12
33 47 5
33 47 12
33 48 12
33 49 10
33 49 20
33 51 11
33 51 13
33 52 8
33 63 17
34 3 8
34 4 5
34 4 7
34 4 8
34 5 3
34 5 4
34 5 5
34 6 17
34 6 19
34 7 15
34 7 21
34 8 18
34 9 4
34 9 15
34 10 1
34 10 16
34 10 20
34 10 22
34 12 8
34 12 13
34 12 20
34 12 23
34 12 26
34 13 8
34 13 14
34 13 25
34 14 4
34 14 8
34 14 12
34 14 27
34 15 14
34 15 19
34 15 20
34 15 24
34 15 26
34 16 26
34 17 2
34 17 17
34 17 20
34 18 12
34 19 16
34 19 20
34 21 4
34 21 28
34 22 9
34 22 19
34 23 21
34 23 23
34 24 16
34 24 20
34 25 14
34 25 20
34 26 21
34 27 5
34 27 17
34 28 13
34 28 17
34 28 23
34 31 17
34 33 26
34 34 14
34 34 20
34 35 15
34 35 24
34 35 25
34 36 14
34 36 16
34 36 22
34 37 11
34 37 13
34 37 27
34 38 19
34 38 23
34 39 10
34 39 11
34 39 20
34 39 22
34 39 26
34 40 13
34 40 25
34 40 28
34 41 11
34 41 12
34 41 13
34 41 17
34 41 21
34 41 25
34 41 27
34 43 17
34 43 19
34 44 11
34 44 14
34 46 17
34 46 18
34 46 22
34 47 12
34 47 13
34 47 15
34 47 17
34 49 9
34 49 13
34 50 14
34 50 16
34 55 15
35 4 12
35 6 6
35 7 5
35 8 1
35 8 2
35 8 11
35 8 15
35 9 21
35 10 1
35 10 24
35 11 6
35 13 7
35 14 8
35 14 12
35 14 14
35 14 19
35 14 23
35 14 25
35 14 26
35 15 3
35 15 12
35 15 28
35 16 8
35 16 25
35 16 26
35 17 28
35 18 14
35 18 20
35 18 26
35 18 28
35 19 8
35 19 19
35 19 20
35 19 27
35 19 29
35 20 4
35 20 24
35 21 11
35 21 22
35 21 29
35 22 22
35 22 25
35 23 7
35 23 21
35 24 26
35 24 30
35 25 13
35 25 18
35 25 23
35 26 6
35 26 12
35 26 29
35 27 11
35 27 15
35 27 16
35 28 8
35 28 20
35 29 21
35 29 29
35 30 12
35 30 16
35 30 19
35 31 7
35 31 17
35 31 21
35 31 22
35 31 24
35 32 14
35 33 24
35 34 13
35 35 14
35 35 15
35 35 26
35 37 12
35 37 26
35 38 21
35 39 10
35 39 25
35 40 12
35 40 23
35 40 26
35 41 8
35 41 21
35 42 14
35 42 22
35 43 7
35 43 10
35 44 8
35 44 10
35 44 11
35 44 17
35 44 21
35 44 22
35 45 23
35 46 22
35 46 23
35 47 12
35 47 15
35 50 17
35 52 12
35 53 5
36 4 7
36 6 2
36 8 5
36 8 8
36 8 10
36 8 15
36 9 14
36 10 10
36 10 15
36 10 17
36 10 25
36 11 1
36 11 9
36 11 20
36 11 22
36 12 1
36 13 17
36 14 18
36 15 24
36 16 20
36 16 27
36 17 22
36 18 16
36 18 20
36 18 24
36 19 22
36 19 25
36 19 29
36 20 21
36 20 25
36 24 7
36 25 24
36 26 17
36 26 18
36 27 12
36 27 13
36 28 8
36 28 14
36 28 24
36 29 15
36 29 25
36 30 29
36 31 17
36 31 23
36 32 19
36 32 21
36 32 30
36 33 19
36 33 21
36 33 26
36 34 12
36 34 21
36 35 12
36 35 14
36 35 21
36 37 6
36 37 13
36 37 21
36 37 26
36 38 10
36 38 16
36 38 24
36 39 14
36 40 16
36 40 22
36 41 22
36 42 5
36 42 15
36 43 23
36 44 10
36 44 13
36 44 19
36 44 21
36 45 5
36 45 8
36 46 11
36 47 10
36 47 22
36 48 11
36 48 12
36 48 14
36 48 15
36 49 12
36 49 18
36 51 7
36 52 5
36 53 6
37 2 22
37 4 11
37 4 25
37 5 3
37 5 4
37 7 16
37 9 19
37 9 23
37 10 8
37 10 18
37 11 23
37 12 1
37 12 4
37 12 10
37 12 13
37 12 21
37 12 24
37 13 20
37 13 28
37 15 26
37 16 5
37 16 9
37 16 14
37 16 18
37 16 25
37 16 28
37 17 7
37 17 18
37 17 20
37 18 11
37 18 19
37 19 8
37 19 10
37 20 9
37 20 19
37 20 27
37 21 22
37 21 23
37 21 27
37 22 11
37 22 17
37 22 18
37 22 29
37 25 6
37 25 13
37 25 18
37 25 25
37 26 13
37 26 21
37 27 20
37 28 25
37 29 13
37 29 25
37 29 26
37 29 27
37 30 14
37 30 23
37 30 26
37 31 16
37 31 18
37 31 19
37 31 23
37 32 19
37 34 14
37 34 15
37 34 16
37 35 5
37 35 12
37 38 18
37 38 24
37 38 25
37 38 26
37 39 16
37 39 19
37 42 12
37 43 10
37 43 15
37 43 19
37 43 20
37 46 15
37 48 14
37 49 13
37 50 18
37 52 14
37 53 18
38 2 9
38 2 12
38 3 23
38 4 7
38 7 18
38 8 2
38 8 3
38 8 23
38 11 3
38 11 21
38 12 2
38 12 14
38 12 27
38 13 2
38 14 2
38 14 14
38 15 11
38 16 2
38 16 5
38 16 11
38 16 14
38 16 21
38 16 25
38 17 16
38 17 23
38 17 25
38 18 9
38 18 14
38 18 20
38 19 14
38 19 27
38 20 27
38 21 18
38 21 23
38 22 10
38 22 11
38 22 13
38 22 19
38 22 21
38 23 12
38 23 21
38 23 27
38 24 13
38 24 21
38 24 23
38 25 10
38 25 21
38 26 20
38 26 24
38 28 12
38 28 14
38 28 17
38 28 25
38 30 15
38 30 16
38 30 20
38 31 22
38 31 28
38 32 12
38 32 15
38 33 19
38 33 24
38 34 19
38 35 14
38 35 16
38 35 24
38 36 11
38 36 12
38 36 14
38 38 16
38 38 22
38 39 11
38 39 13
38 39 20
38 39 23
38 39 25
38 40 6
38 40 27
38 41 12
38 42 6
38 43 7
38 43 10
38 43 24
38 44 10
38 44 16
38 44 23
38 45 5
38 45 6
38 45 14
38 45 22
38 46 13
38 46 16
38 48 6
38 48 18
38 50 10
38 52 12
38 53 14
39 2 14
39 3 10
39 3 22
39 4 23
39 5 13
39 8 17
39 9 3
39 9 21
39 10 10
39 11 2
39 11 10
39 11 24
39 12 11
39 12 18
39 13 2
39 13 12
39 13 14
39 13 17
39 14 10
39 14 14
39 15 10
39 15 21
39 15 26
39 16 10
39 17 23
39 17 24
39 18 12
39 18 14
39 19 16
39 20 28
39 21 27
39 22 7
39 22 23
39 22 24
39 23 15
39 23 17
39 23 24
39 24 3
39 24 16
39 24 29
39 25 21
39 26 10
39 27 10
39 27 13
39 28 7
39 30 18
39 31 21
39 31 23
39 31 24
39 32 22
39 32 23
39 32 24
39 33 12
39 33 14
39 33 18
39 33 21
39 33 26
39 33 30
39 34 14
39 35 13
39 36 9
39 36 23
39 37 8
39 37 11
39 37 14
39 37 23
39 38 16
39 39 8
39 39 12
39 39 19
39 40 9
39 41 8
39 41 23
39 42 13
39 43 5
39 43 9
39 43 18
39 44 1
39 44 5
39 44 6
39 44 22
39 45 9
39 45 14
39 46 17
39 46 20
39 46 26
39 48 9
39 48 10
39 48 14
39 50 5
39 50 14
39 51 13
39 51 15
40 7 12
40 7 18
40 8 3
40 11 2
40 12 12
40 12 16
40 13 12
40 13 32
40 14 19
40 15 20
40 16 6
40 17 6
40 17 18
40 18 5
40 18 28
40 19 9
40 19 28
40 21 26
40 22 18
40 22 27
40 23 21
40 23 23
40 23 31
40 24 17
40 24 20
40 24 28
40 25 16
40 25 24
40 25 29
40 26 14
40 26 29
40 28 15
40 28 22
40 30 2
40 30 23
40 30 28
40 31 11
40 31 15
40 31 29
40 32 12
40 32 28
40 33 25
40 35 21
40 35 26
40 36 16
40 37 16
40 37 23
40 38 22
40 39 13
40 39 17
40 39 18
40 40 14
40 40 15
40 40 16
40 41 14
40 42 5
40 43 5
40 43 9
40 43 12
40 43 18
40 43 22
40 45 1
40 45 10
40 45 15
40 45 23
40 46 21
40 46 22
40 47 17
40 47 19
40 48 12
40 55 16
41 3 21
41 4 18
41 5 9
41 6 26
41 8 14
41 9 10
41 9 13
41 9 19
41 10 5
41 10 14
41 11 2
41 11 19
41 11 22
41 12 3
41 12 6
41 12 17
41 13 3
41 13 6
41 13 15
41 13 23
41 14 16
41 14 19
41 14 21
41 14 24
41 15 11
41 15 24
41 15 25
41 16 18
41 16 23
41 16 24
41 17 14
41 17 17
41 18 4
41 18 5
41 18 12
41 18 28
41 19 21
41 19 24
41 20 8
41 20 11
41 20 24
41 21 23
41 21 26
41 22 16
41 22 23
41 22 27
41 23 15
41 23 23
41 24 25
41 24 28
41 25 27
41 25 28
41 25 31
41 26 17
41 27 16
41 27 18
41 27 24
41 27 29
41 28 9
41 29 19
41 29 26
41 30 0
41 30 13
41 31 12
41 31 16
41 32 13
41 32 18
41 32 22
41 33 13
41 34 12
41 34 14
41 34 22
41 35 25
41 35 26
41 36 22
41 37 16
41 37 22
41 38 23
41 39 11
41 40 14
41 41 5
41 41 14
41 41 29
41 42 11
41 44 2
41 44 10
41 44 18
41 44 21
41 46 8
41 46 10
41 46 18
41 47 2
41 47 12
41 48 7
41 50 6
41 50 13
41 51 12
41 51 16
41 55 17
42 6 6
42 7 7
42 9 11
42 9 15
42 10 14
42 11 7
42 11 16
42 11 20
42 12 21
42 13 16
42 14 9
42 14 16
42 15 15
42 15 17
42 16 26
42 17 7
42 18 6
42 18 21
42 18 25
42 19 22
42 19 25
42 19 26
42 20 0
42 20 14
42 22 19
42 24 23
42 24 26
42 25 11
42 25 13
42 25 15
42 25 19
42 25 20
42 25 24
42 26 17
42 26 23
42 28 11
42 28 24
42 29 7
42 29 12
42 29 28
42 31 6
42 31 8
42 31 14
42 32 18
42 32 27
42 32 33
42 33 0
42 33 1
42 34 19
42 35 16
42 35 22
42 35 26
42 36 15
42 36 24
42 37 14
42 37 17
42 38 19
42 39 7
42 39 19
42 39 20
42 39 21
42 39 25
42 41 8
42 43 9
42 43 24
42 44 0
42 44 22
42 45 9
42 48 7
42 48 14
42 49 12
42 49 13
42 49 14
43 6 21
43 7 9
43 8 13
43 9 3
43 9 13
43 10 21
43 11 19
43 12 5
43 12 22
43 13 12
43 13 14
43 13 21
43 13 25
43 13 26
43 14 17
43 14 20
43 14 26
43 15 0
43 15 15
43 15 25
43 15 26
43 15 32
43 17 5
43 17 7
43 17 16
43 18 13
43 18 14
43 18 21
43 18 24
43 18 25
43 18 27
43 19 7
43 19 26
43 19 27
43 20 15
43 20 16
43 20 17
43 20 23
43 20 29
43 21 16
43 21 25
43 21 28
43 22 23
43 24 26
43 25 11
43 25 22
43 26 14
43 26 20
43 26 26
43 27 27
43 28 24
43 29 13
43 29 22
43 30 14
43 31 16
43 32 7
43 32 10
43 33 21
43 34 0
43 34 15
43 34 19
43 34 21
43 35 15
43 35 17
43 35 18
43 35 24
43 35 25
43 36 14
43 37 11
43 37 12
43 37 13
43 38 23
43 39 20
43 40 15
43 40 22
43 41 13
43 41 16
43 41 20
43 43 2
43 43 15
43 44 10
43 45 13
43 46 10
43 47 17
43 48 17
43 49 15
43 52 19
44 6 21
44 7 5
44 8 4
44 9 10
44 10 11
44 10 19
44 11 20
44 12 12
44 13 23
44 14 15
44 15 18
44 15 19
44 15 23
44 16 19
44 17 14
44 17 18
44 17 22
44 17 27
44 18 26
44 18 28
44 19 15
44 19 26
44 20 18
44 20 19
44 20 21
44 20 25
44 20 26
44 21 16
44 21 23
44 22 22
44 22 23
44 22 25
44 23 13
44 23 15
44 23 17
44 24 18
44 24 23
44 24 24
44 24 27
44 25 14
44 25 20
44 25 24
44 26 9
44 26 14
44 26 15
44 27 0
44 27 10
44 27 13
44 28 23
44 28 28
44 31 12
44 31 17
44 31 19
44 31 26
44 32 7
44 32 20
44 32 22
44 33 14
44 33 21
44 34 10
44 36 6
44 36 14
44 36 17
44 36 23
44 37 20
44 38 9
44 38 17
44 38 20
44 39 6
44 39 21
44 39 22
44 40 9
44 40 24
44 41 12
44 41 16
44 41 22
44 42 22
44 43 16
44 44 5
44 47 11
44 48 7
44 48 15
44 49 10
44 50 22
44 51 19
44 52 16
45 6 19
45 12 8
45 12 21
45 13 14
45 16 24
45 17 22
45 17 26
45 18 24
45 18 26
45 19 13
45 19 19
45 19 25
45 19 26
45 20 15
45 20 26
45 21 15
45 21 26
45 21 28
45 22 23
45 22 24
45 23 13
45 23 19
45 23 25
45 25 15
45 25 22
45 27 14
45 27 21
45 28 9
45 28 24
45 28 27
45 29 8
45 29 16
45 29 17
45 29 19
45 29 25
45 31 0
45 31 12
45 31 23
45 32 10
45 32 16
45 32 19
45 33 12
45 33 21
45 36 0
45 36 5
45 37 16
45 37 17
45 37 19
45 37 22
45 39 3
45 39 18
45 40 9
45 40 20
45 41 10
45 41 20
45 42 20
45 43 1
45 43 17
45 44 17
45 46 8
45 46 12
45 49 21
45 51 18
46 8 20
46 10 14
46 13 12
46 15 15
46 16 9
46 16 21
46 16 22
46 17 21
46 18 23
46 19 6
46 20 7
46 20 22
46 21 0
46 21 24
46 21 25
46 21 26
46 22 18
46 22 25
46 23 9
46 23 12
46 23 15
46 24 0
46 24 14
46 24 15
46 24 28
46 25 11
46 26 19
46 27 25
46 27 27
46 28 24
46 28 26
46 28 33
46 29 14
46 29 16
46 30 20
46 30 24
46 31 16
46 32 14
46 33 8
46 33 11
46 33 25
46 34 17
46 35 16
46 36 5
46 36 14
46 37 27
46 38 12
46 38 15
46 38 17
46 39 2
46 39 11
46 39 12
46 40 16
46 40 18
46 41 1
46 41 2
46 41 4
46 41 20
46 42 15
46 43 8
46 43 13
46 43 17
46 45 9
46 45 10
46 45 13
46 45 16
46 47 12
46 47 21
46 48 7
46 49 16
46 49 19
46 49 20
46 50 12
46 50 19
47 7 17
47 9 21
47 10 21
47 11 27
47 14 17
47 15 24
47 16 20
47 18 16
47 19 0
47 19 7
47 19 16
47 19 22
47 20 16
47 20 23
47 20 24
47 21 14
47 21 24
47 22 9
47 22 19
47 22 20
47 22 23
47 23 22
47 24 17
47 24 24
47 25 19
47 25 22
47 26 19
47 26 22
47 27 16
47 27 19
47 27 20
47 27 21
47 28 14
47 28 21
47 29 15
47 29 26
47 30 21
47 31 22
47 32 0
47 32 11
47 32 20
47 33 24
47 37 1
47 37 26
47 39 5
47 40 11
47 40 19
47 41 16
47 41 25
47 43 5
47 43 16
47 45 9
47 46 4
47 46 12
47 46 22
47 48 8
47 48 10
47 48 11
47 48 19
47 49 19
47 50 12
48 7 15
48 8 20
48 9 17
48 10 20
48 10 21
48 12 20
48 16 9
48 16 14
48 16 16
48 16 20
48 17 22
48 18 11
48 18 20
48 19 15
48 19 17
48 19 24
48 20 18
48 21 24
48 22 14
48 22 22
48 22 23
48 23 14
48 23 23
48 24 12
48 24 22
48 24 23
48 24 24
48 25 11
48 25 22
48 25 23
48 26 14
48 26 22
48 27 15
48 27 19
48 27 22
48 29 7
48 30 12
48 30 20
48 32 15
48 33 14
48 33 24
48 34 16
48 34 17
48 36 13
48 36 16
48 36 23
48 37 1
48 37 14
48 39 18
48 40 10
48 40 12
48 41 6
48 42 6
48 43 4
48 43 10
48 43 19
48 44 10
48 44 15
48 45 4
48 45 19
48 46 12
48 49 15
49 19 16
49 20 14
49 20 20
49 20 21
49 22 13
49 22 14
49 23 23
49 24 10
49 24 16
49 26 19
49 31 13
49 31 22
49 32 8
49 32 14
49 32 23
49 32 24
49 33 0
49 33 11
49 34 21
49 37 6
49 37 15
49 38 3
49 38 12
49 40 8
49 40 22
49 41 1
49 41 2
49 41 7
49 41 8
49 41 14
49 41 15
49 41 21
49 42 7
49 42 16
49 44 3
49 44 6
49 44 7
49 45 9
49 45 14
49 46 7
49 46 9
50 14 19
50 17 20
50 17 21
50 18 18
50 20 20
50 21 19
50 22 23
50 22 24
50 23 15
50 24 23
50 24 25
50 25 15
50 26 21
50 26 25
50 27 24
50 27 25
50 28 12
50 28 24
50 29 20
50 30 23
50 30 25
50 31 16
50 31 17
50 31 23
50 32 14
50 34 20
50 35 6
50 36 24
50 37 7
50 37 12
50 38 22
50 39 1
50 39 7
50 42 9
50 42 17
50 43 9
50 44 5
50 44 8
50 44 17
50 45 11
50 46 7
51 17 19
51 18 15
51 19 15
51 20 19
51 20 21
51 21 17
51 22 12
51 22 16
51 22 22
51 23 10
51 23 12
51 23 21
51 23 22
51 25 11
51 25 21
51 26 13
51 26 20
51 26 21
51 26 24
51 28 18
51 28 19
51 28 28
51 29 19
51 30 14
51 30 19
51 31 22
51 36 22
51 37 8
51 37 15
51 38 4
51 38 12
51 38 20
51 38 21
51 38 22
51 39 4
51 39 7
51 39 17
51 39 18
51 39 19
51 40 9
51 40 11
51 40 16
51 41 8
51 41 9
51 41 11
51 42 8
51 42 10
51 42 13
51 42 14
51 43 13
51 44 11
51 44 12
51 44 13
51 46 14
52 9 11
52 11 15
52 12 17
52 21 12
52 22 13
52 24 15
52 24 23
52 25 19
52 26 12
52 26 13
52 26 14
52 27 13
52 28 27
52 29 13
52 29 17
52 30 15
52 30 22
52 31 16
52 32 20
52 33 24
52 34 24
52 35 23
52 37 8
52 37 17
52 37 19
52 38 6
52 38 15
52 38 20
52 39 10
52 39 16
52 39 18
52 39 20
52 40 13
52 41 16
52 42 13
52 42 15
52 43 13
52 43 14
52 44 2
52 45 5
53 19 19
53 21 23
53 23 17
53 26 11
53 26 19
53 27 14
53 28 20
53 31 6
53 33 23
53 34 21
53 36 16
53 36 18
53 37 19
53 38 13
53 39 8
53 40 10
53 41 14
54 20 19
54 25 23
54 26 21
54 30 21
54 34 16
54 34 17
54 35 15
54 35 17
54 36 16
54 37 12
54 38 15
54 39 14
55 19 14
55 20 15
55 21 14
55 22 18
55 23 14
55 30 15
55 32 16
55 33 13
55 36 13
55 36 14
56 21 14
56 25 17
56 26 12
56 26 17
56 27 17
56 33 15
57 30 16
