6 26 15
6 37 8
7 22 11
7 23 10
7 25 12
7 25 16
7 26 13
7 28 13
7 28 15
7 29 13
7 29 14
7 30 9
7 30 11
7 31 15
7 32 14
7 32 15
7 32 16
7 33 16
7 34 13
7 34 15
7 35 17
7 36 15
7 38 12
7 39 12
7 40 10
8 19 15
8 23 18
8 24 19
8 25 18
8 27 13
8 29 17
8 31 11
8 31 17
8 32 12
8 32 17
8 33 8
8 33 11
8 33 12
8 33 16
8 34 15
8 34 17
8 34 19
8 35 13
8 35 14
8 35 16
8 35 17
8 36 13
8 36 16
8 37 9
8 37 12
8 37 15
8 37 16
8 37 17
8 38 13
8 38 15
8 38 17
8 39 12
8 39 14
8 39 15
8 40 11
8 40 12
8 40 13
8 40 15
8 41 8
9 21 15
9 21 19
9 22 12
9 22 15
9 22 20
9 23 14
9 23 15
9 23 17
9 29 4
9 30 15
9 31 9
9 32 8
9 32 12
9 32 15
9 33 10
9 33 11
9 33 12
9 33 22
9 34 8
9 34 10
9 34 11
9 34 13
9 34 14
9 34 22
9 35 11
9 35 12
9 35 13
9 35 14
9 35 18
9 36 10
9 36 11
9 36 12
9 36 13
9 36 14
9 36 16
9 36 17
9 36 21
9 37 7
9 37 10
9 37 13
9 37 14
9 37 15
9 37 17
9 37 19
9 37 20
9 38 8
9 38 15
9 38 17
9 38 18
9 38 20
9 39 10
9 39 11
9 39 12
9 39 13
9 39 14
9 39 17
9 40 11
9 40 13
9 40 16
9 40 18
9 41 2
9 41 15
9 41 16
9 42 7
9 42 12
9 42 13
9 43 11
9 44 11
10 10 15
10 15 16
10 18 10
10 19 10
10 19 19
10 20 10
10 20 15
10 21 15
10 23 11
10 24 14
10 26 12
10 26 20
10 27 25
10 28 15
10 29 11
10 29 17
10 30 9
10 30 12
10 30 19
10 30 23
10 31 9
10 31 11
10 31 15
10 31 16
10 32 11
10 32 13
10 32 17
10 33 12
10 33 23
10 33 24
10 34 10
10 34 22
10 34 23
10 34 24
10 35 8
10 35 9
10 35 10
10 35 11
10 35 21
10 35 22
10 35 23
10 36 4
10 36 8
10 36 9
10 36 10
10 36 11
10 36 13
10 36 18
10 36 21
10 36 22
10 36 23
10 37 8
10 37 10
10 37 18
10 37 19
10 37 21
10 38 11
10 38 13
10 38 19
10 38 20
10 38 22
10 39 7
10 39 8
10 39 9
10 39 10
10 39 11
10 39 12
10 39 13
10 39 14
10 39 15
10 39 19
10 39 20
10 40 7
10 40 10
10 40 11
10 40 12
10 40 14
10 40 15
10 40 16
10 40 17
10 40 19
10 41 10
10 41 11
10 41 12
10 41 13
10 41 14
10 41 15
10 41 16
10 41 18
10 42 12
10 42 13
10 42 14
10 42 16
10 42 17
10 42 18
10 43 7
10 43 11
10 43 12
10 43 16
10 44 12
10 44 13
10 46 11
10 46 13
11 14 15
11 18 10
11 19 16
11 23 19
11 24 12
11 24 29
11 25 15
11 25 16
11 25 17
11 26 21
11 27 10
11 28 13
11 29 20
11 30 12
11 31 12
11 31 16
11 32 12
11 32 14
11 33 10
11 33 15
11 33 20
11 34 15
11 34 16
11 34 24
11 35 8
11 35 23
11 35 24
11 36 8
11 36 9
11 36 16
11 36 22
11 37 2
11 37 4
11 37 7
11 37 8
11 37 10
11 37 22
11 37 23
11 38 7
11 38 21
11 38 22
11 39 4
11 39 8
11 39 9
11 39 10
11 39 11
11 39 17
11 39 20
11 39 21
11 39 22
11 40 6
11 40 9
11 40 10
11 40 11
11 40 12
11 40 15
11 40 17
11 40 20
11 40 21
11 41 6
11 41 8
11 41 11
11 41 12
11 41 13
11 41 14
11 41 16
11 41 17
11 41 18
11 41 19
11 41 20
11 42 8
11 42 12
11 42 13
11 42 14
11 42 15
11 42 16
11 42 17
11 42 18
11 42 19
11 43 7
11 43 10
11 43 11
11 43 12
11 43 13
11 43 14
11 43 15
11 43 16
11 43 17
11 43 18
11 44 11
11 44 12
11 44 15
11 44 16
11 44 17
11 45 10
11 45 15
11 45 16
11 46 13
11 46 14
12 11 15
12 16 12
12 16 15
12 17 12
12 17 14
12 18 16
12 18 19
12 20 18
12 21 15
12 21 21
12 22 0
12 22 8
12 22 13
12 23 12
12 23 17
12 23 18
12 26 14
12 26 28
12 27 14
12 27 21
12 27 22
12 27 23
12 28 0
12 28 17
12 28 21
12 29 11
12 29 15
12 29 19
12 30 16
12 30 23
12 31 15
12 31 16
12 31 19
12 32 11
12 32 15
12 32 17
12 33 13
12 33 17
12 33 21
12 34 4
12 34 14
12 34 18
12 35 3
12 35 8
12 35 9
12 35 12
12 35 15
12 35 17
12 35 25
12 36 7
12 36 16
12 37 1
12 37 2
12 37 3
12 37 7
12 37 17
12 37 22
12 37 24
12 38 3
12 38 6
12 38 7
12 38 8
12 38 23
12 39 7
12 39 8
12 39 22
12 40 21
12 41 6
12 41 8
12 41 11
12 41 20
12 42 7
12 42 8
12 42 10
12 42 18
12 42 19
12 43 7
12 43 9
12 43 11
12 43 12
12 43 15
12 43 16
12 43 18
12 43 19
12 44 7
12 44 9
12 44 10
12 44 13
12 44 15
12 44 16
12 44 17
12 44 18
12 44 19
12 45 10
12 45 13
12 45 15
12 45 16
12 45 17
12 46 10
12 46 11
12 46 13
12 47 10
12 47 11
13 9 17
13 12 18
13 15 12
13 15 13
13 18 13
13 19 17
13 20 23
13 21 15
13 22 18
13 22 29
13 23 17
13 23 19
13 24 15
13 24 23
13 24 25
13 25 9
13 25 12
13 25 18
13 26 19
13 26 25
13 27 14
13 28 16
13 28 23
13 29 15
13 30 0
13 30 1
13 30 12
13 30 16
13 30 19
13 30 21
13 30 24
13 31 0
13 32 11
13 32 15
13 32 22
13 33 0
13 33 2
13 33 3
13 33 8
13 33 9
13 33 10
13 33 17
13 34 0
13 34 7
13 34 12
13 34 16
13 35 7
13 35 11
13 35 15
13 35 19
13 35 22
13 36 7
13 36 13
13 36 14
13 37 7
13 37 9
13 37 11
13 37 13
13 37 14
13 37 20
13 37 21
13 38 3
13 38 5
13 38 6
13 38 11
13 38 12
13 38 13
13 39 0
13 39 1
13 39 3
13 39 4
13 39 5
13 39 17
13 40 8
13 40 16
13 40 17
13 41 7
13 41 9
13 41 11
13 41 12
13 42 3
13 42 8
13 42 9
13 42 20
13 42 21
13 43 3
13 43 4
13 43 5
13 43 8
13 43 9
13 43 10
13 43 19
13 44 7
13 44 8
13 44 9
13 44 16
13 44 17
13 44 20
13 45 6
13 45 7
13 45 8
13 45 10
13 45 18
13 46 8
13 46 10
13 46 11
13 46 15
13 46 16
13 46 17
13 47 12
13 47 13
13 47 17
13 48 15
14 6 13
14 7 9
14 10 18
14 15 16
14 16 17
14 16 18
14 17 15
14 17 21
14 20 16
14 20 18
14 21 9
14 21 10
14 21 14
14 21 15
14 21 18
14 23 18
14 23 24
14 23 25
14 24 14
14 24 26
14 24 31
14 25 14
14 25 15
14 25 16
14 25 23
14 26 13
14 26 14
14 26 21
14 26 24
14 26 25
14 26 26
14 27 11
14 27 12
14 28 9
14 28 13
14 28 17
14 28 18
14 28 23
14 29 10
14 29 17
14 30 0
14 30 1
14 30 19
14 31 0
14 31 12
14 31 16
14 31 23
14 31 24
14 32 19
14 33 12
14 33 15
14 33 20
14 34 2
14 35 0
14 35 1
14 35 11
14 35 12
14 35 19
14 37 2
14 37 9
14 38 3
14 38 5
14 38 7
14 38 13
14 39 3
14 39 5
14 39 12
14 40 3
14 40 5
14 40 6
14 40 7
14 41 7
14 41 12
14 41 17
14 42 1
14 42 4
14 42 8
14 42 10
14 42 15
14 43 1
14 43 2
14 43 5
14 43 6
14 43 8
14 43 12
14 44 3
14 44 4
14 44 9
14 45 4
14 45 5
14 45 6
14 45 9
14 45 11
14 45 21
14 46 6
14 46 7
14 47 8
14 47 15
14 47 17
14 48 10
14 48 12
14 48 13
14 48 14
14 48 17
14 49 9
14 49 17
15 8 8
15 9 8
15 11 20
15 13 10
15 13 22
15 14 16
15 14 18
15 15 19
15 16 17
15 16 19
15 17 15
15 17 18
15 18 11
15 19 10
15 20 13
15 20 17
15 20 20
15 20 21
15 21 13
15 21 17
15 21 22
15 22 0
15 22 26
15 23 2
15 23 25
15 24 13
15 24 15
15 24 19
15 24 26
15 24 32
15 25 14
15 25 15
15 26 13
15 26 14
15 26 15
15 26 27
15 27 12
15 27 17
15 27 24
15 27 26
15 28 16
15 28 18
15 29 7
15 29 22
15 31 1
15 31 7
15 31 16
15 31 18
15 31 26
15 32 24
15 33 11
15 33 17
15 33 18
15 33 21
15 34 7
15 34 8
15 34 15
15 34 19
15 35 8
15 35 12
15 35 16
15 35 17
15 36 1
15 36 2
15 36 10
15 36 12
15 36 14
15 36 16
15 37 1
15 37 2
15 38 0
15 38 6
15 38 14
15 39 3
15 39 4
15 39 14
15 39 25
15 40 3
15 40 8
15 40 16
15 41 8
15 41 10
15 42 1
15 42 6
15 42 10
15 43 2
15 43 5
15 43 6
15 43 9
15 44 4
15 44 6
15 44 16
15 45 4
15 45 7
15 45 8
15 46 5
15 46 7
15 47 10
15 48 8
15 49 11
15 50 11
15 50 13
15 50 18
16 9 8
16 10 14
16 13 9
16 15 10
16 15 17
16 16 1
16 16 10
16 16 12
16 16 20
16 17 1
16 17 12
16 17 19
16 17 23
16 17 25
16 19 0
16 20 15
16 20 17
16 20 20
16 21 22
16 22 2
16 23 0
16 23 1
16 23 2
16 24 14
16 24 21
16 25 12
16 25 14
16 26 0
16 26 8
16 26 9
16 26 10
16 26 16
16 26 17
16 26 18
16 26 27
16 27 0
16 27 12
16 27 15
16 27 21
16 27 22
16 27 27
16 28 0
16 28 12
16 28 22
16 28 31
16 29 2
16 29 8
16 29 17
16 30 8
16 30 16
16 30 17
16 30 24
16 31 13
16 31 14
16 31 20
16 31 26
16 32 12
16 32 14
16 32 15
16 32 20
16 32 22
16 33 19
16 33 22
16 34 1
16 34 20
16 36 2
16 36 11
16 36 17
16 36 21
16 36 22
16 37 2
16 37 13
16 38 1
16 38 2
16 38 20
16 39 5
16 39 6
16 39 8
16 39 15
16 40 3
16 40 6
16 40 8
16 40 9
16 41 11
16 41 20
16 42 4
16 42 5
16 42 18
16 43 3
16 43 4
16 43 5
16 43 10
16 44 2
16 44 4
16 44 5
16 44 6
16 44 8
16 44 17
16 45 5
16 45 7
16 45 8
16 45 9
16 46 6
16 46 7
16 47 7
16 47 8
16 47 22
16 48 8
16 48 11
16 49 8
16 49 9
16 49 14
16 49 21
16 51 11
16 52 13
17 7 3
17 7 4
17 7 7
17 8 10
17 9 23
17 9 24
17 10 8
17 10 10
17 10 14
17 11 10
17 11 23
17 12 16
17 12 17
17 14 18
17 15 11
17 16 17
17 16 18
17 16 22
17 17 11
17 17 17
17 17 19
17 18 13
17 18 20
17 19 11
17 19 16
17 19 19
17 19 21
17 21 19
17 23 15
17 23 20
17 23 22
17 23 27
17 24 12
17 24 16
17 25 15
17 26 8
17 26 12
17 26 18
17 26 24
17 26 27
17 27 10
17 27 24
17 27 25
17 28 10
17 28 17
17 28 22
17 28 23
17 29 0
17 29 2
17 29 19
17 29 25
17 30 13
17 31 8
17 31 14
17 32 0
17 32 12
17 32 22
17 32 24
17 33 10
17 33 11
17 33 12
17 33 14
17 34 9
17 34 10
17 34 23
17 35 7
17 36 7
17 37 16
17 38 13
17 38 21
17 39 8
17 39 16
17 40 3
17 41 7
17 41 12
17 41 24
17 42 8
17 42 9
17 42 15
17 42 16
17 42 21
17 43 6
17 43 21
17 44 4
17 44 8
17 45 14
17 46 9
17 46 17
17 48 4
17 48 13
17 50 19
17 51 10
17 52 15
18 6 19
18 7 5
18 7 17
18 7 21
18 8 7
18 9 20
18 10 7
18 10 8
18 10 12
18 10 14
18 11 11
18 11 15
18 13 5
18 13 16
18 13 18
18 14 1
18 14 19
18 15 17
18 16 9
18 16 16
18 16 23
18 16 26
18 17 8
18 17 25
18 18 8
18 18 10
18 18 23
18 18 25
18 19 20
18 19 24
18 20 14
18 21 8
18 21 14
18 21 19
18 22 0
18 22 16
18 22 19
18 22 21
18 23 26
18 25 13
18 25 15
18 25 27
18 25 28
18 26 1
18 26 12
18 26 19
18 26 25
18 27 18
18 27 25
18 28 0
18 28 17
18 28 24
18 29 0
18 29 9
18 29 17
18 29 19
18 30 0
18 30 21
18 30 22
18 30 28
18 31 0
18 31 9
18 32 12
18 33 9
18 33 10
18 33 26
18 34 7
18 34 26
18 35 9
18 35 12
18 36 1
18 36 18
18 37 7
18 37 10
18 37 14
18 37 18
18 37 20
18 37 21
18 37 22
18 38 6
18 38 7
18 38 16
18 38 18
18 38 21
18 39 8
18 39 22
18 39 23
18 41 23
18 41 25
18 42 6
18 43 10
18 43 21
18 44 2
18 44 18
18 45 1
18 45 11
18 45 13
18 46 8
18 46 22
18 48 16
18 49 11
18 49 13
18 49 22
18 51 12
18 53 11
19 5 12
19 5 19
19 6 6
19 6 8
19 6 10
19 6 12
19 6 17
19 7 17
19 9 4
19 9 12
19 9 21
19 11 4
19 11 6
19 11 12
19 11 19
19 14 1
19 14 9
19 14 20
19 15 1
19 15 13
19 15 17
19 15 22
19 16 18
19 17 7
19 17 25
19 18 0
19 18 7
19 18 15
19 18 24
19 18 27
19 20 13
19 20 19
19 21 10
19 21 19
19 22 12
19 22 14
19 22 27
19 23 26
19 24 1
19 24 13
19 24 26
19 25 29
19 26 1
19 26 16
19 26 25
19 26 29
19 27 1
19 27 13
19 27 14
19 27 17
19 28 10
19 28 17
19 28 23
19 28 24
19 29 13
19 29 14
19 30 20
19 31 7
19 31 8
19 31 11
19 31 15
19 31 17
19 31 26
19 32 6
19 32 13
19 32 15
19 32 19
19 32 20
19 33 1
19 33 4
19 33 22
19 35 8
19 35 10
19 35 25
19 36 1
19 37 6
19 37 9
19 37 10
19 37 15
19 37 18
19 38 8
19 38 10
19 38 11
19 39 7
19 39 10
19 39 13
19 39 14
19 39 23
19 40 6
19 40 8
19 41 7
19 41 11
19 41 14
19 42 11
19 42 23
19 42 24
19 43 1
19 43 10
19 43 22
19 43 23
19 44 1
19 44 4
19 44 8
19 44 9
19 44 12
19 45 8
19 45 9
19 45 12
19 46 10
19 46 15
19 47 0
19 47 4
19 47 15
19 47 16
19 48 0
19 48 1
19 48 7
19 48 12
19 49 8
19 50 13
20 3 15
20 5 9
20 5 10
20 5 19
20 6 6
20 6 9
20 7 7
20 7 25
20 8 15
20 8 21
20 8 26
20 9 8
20 10 8
20 10 11
20 10 19
20 11 8
20 11 15
20 13 1
20 13 19
20 15 18
20 17 7
20 17 18
20 17 28
20 18 6
20 18 8
20 18 14
20 18 24
20 18 28
20 19 1
20 19 6
20 20 0
20 20 12
20 21 17
20 21 24
20 22 17
20 22 28
20 23 15
20 23 22
20 23 24
20 23 25
20 23 26
20 23 29
20 24 20
20 24 25
20 24 30
20 25 19
20 25 29
20 26 16
20 26 23
20 26 30
20 27 17
20 28 7
20 28 17
20 28 27
20 29 29
20 30 19
20 31 0
20 31 7
20 31 27
20 31 29
20 32 0
20 32 8
20 33 7
20 33 11
20 33 24
20 34 1
20 34 9
20 34 27
20 35 1
20 36 17
20 36 23
20 36 25
20 37 14
20 37 21
20 37 22
20 38 7
20 38 11
20 38 12
20 39 6
20 39 7
20 39 19
20 39 20
20 40 6
20 40 10
20 40 15
20 40 21
20 41 8
20 41 11
20 41 20
20 42 9
20 42 11
20 42 23
20 42 24
20 43 6
20 43 23
20 44 0
20 44 1
20 44 3
20 44 17
20 44 19
20 45 4
20 45 8
20 45 14
20 45 17
20 46 0
20 46 8
20 46 15
20 47 22
20 48 8
20 48 16
20 48 22
20 49 7
20 49 8
20 50 15
20 50 16
20 51 7
20 51 11
20 51 15
20 52 13
21 4 10
21 5 10
21 5 13
21 5 22
21 7 7
21 7 26
21 8 6
21 8 8
21 9 8
21 9 11
21 10 8
21 10 11
21 10 12
21 10 16
21 10 22
21 11 3
21 12 3
21 12 9
21 12 11
21 12 12
21 12 16
21 13 10
21 13 17
21 13 18
21 14 10
21 15 16
21 16 0
21 16 14
21 16 16
21 16 24
21 17 19
21 17 28
21 18 14
21 18 24
21 18 33
21 19 13
21 19 20
21 20 1
21 20 16
21 20 27
21 21 9
21 21 23
21 22 1
21 22 18
21 22 26
21 22 28
21 23 1
21 23 17
21 23 18
21 23 20
21 24 1
21 24 10
21 24 26
21 25 14
21 25 18
21 27 15
21 27 19
21 28 0
21 28 22
21 28 24
21 29 27
21 30 0
21 30 7
21 30 12
21 30 21
21 31 29
21 32 1
21 32 18
21 32 21
21 32 29
21 33 10
21 33 18
21 33 22
21 33 23
21 33 26
21 33 27
21 34 12
21 34 16
21 35 16
21 35 17
21 37 7
21 37 8
21 37 25
21 37 26
21 38 6
21 38 8
21 38 9
21 38 24
21 39 7
21 39 8
21 39 10
21 39 11
21 39 21
21 39 23
21 40 11
21 40 25
21 41 10
21 41 21
21 41 24
21 42 10
21 42 19
21 43 10
21 43 21
21 43 22
21 43 25
21 44 18
21 45 1
21 45 15
21 47 0
21 47 8
21 47 16
21 48 0
21 49 0
21 50 12
21 50 13
21 50 16
21 51 9
21 51 11
21 51 15
21 52 11
21 52 14
21 52 15
21 54 16
21 54 18
22 3 10
22 3 19
22 4 11
22 5 9
22 5 11
22 6 6
22 7 7
22 8 7
22 9 3
22 9 6
22 9 7
22 9 16
22 9 17
22 10 16
22 11 4
22 11 16
22 12 2
22 12 3
22 12 18
22 13 1
22 13 14
22 13 16
22 13 18
22 13 20
22 14 7
22 14 18
22 14 20
22 16 1
22 16 3
22 16 7
22 16 11
22 16 14
22 16 19
22 16 23
22 17 7
22 17 14
22 17 18
22 17 26
22 17 28
22 18 6
22 19 13
22 19 20
22 20 6
22 20 11
22 20 14
22 20 25
22 20 28
22 21 1
22 21 17
22 22 7
22 22 11
22 22 14
22 22 23
22 22 26
22 23 19
22 23 27
22 24 10
22 24 23
22 24 26
22 24 30
22 25 17
22 25 26
22 25 27
22 26 13
22 26 21
22 26 23
22 27 1
22 27 8
22 27 10
22 27 18
22 28 9
22 28 14
22 28 26
22 28 29
22 29 2
22 29 29
22 30 9
22 30 10
22 30 19
22 30 29
22 31 8
22 31 11
22 31 17
22 32 12
22 32 19
22 32 26
22 33 22
22 34 8
22 34 17
22 34 22
22 35 8
22 35 9
22 35 21
22 35 26
22 36 13
22 36 26
22 37 8
22 38 5
22 38 8
22 38 12
22 39 7
22 39 13
22 39 14
22 39 22
22 39 26
22 40 12
22 40 24
22 40 25
22 41 9
22 41 22
22 41 23
22 42 2
22 42 16
22 42 20
22 42 21
22 43 14
22 44 5
22 44 10
22 44 24
22 45 7
22 45 9
22 45 19
22 46 4
22 48 15
22 49 0
22 49 6
22 49 7
22 50 7
22 51 13
22 51 16
22 52 9
22 52 11
22 52 14
23 4 11
23 4 23
23 5 6
23 5 9
23 6 5
23 6 26
23 7 4
23 7 20
23 8 10
23 9 13
23 9 18
23 10 4
23 10 9
23 11 17
23 11 22
23 12 24
23 13 7
23 13 14
23 13 23
23 14 10
23 14 15
23 14 18
23 15 2
23 16 10
23 16 16
23 17 7
23 18 7
23 18 26
23 19 8
23 19 10
23 19 12
23 20 13
23 20 28
23 21 1
23 21 6
23 21 27
23 22 2
23 22 12
23 22 21
23 23 7
23 23 11
23 23 13
23 24 29
23 25 10
23 25 28
23 26 8
23 26 10
23 26 15
23 27 8
23 27 11
23 27 19
23 27 20
23 27 21
23 27 31
23 28 20
23 28 21
23 28 29
23 28 31
23 29 0
23 29 9
23 30 13
23 30 27
23 31 21
23 31 29
23 32 8
23 32 23
23 32 24
23 33 6
23 33 7
23 33 13
23 34 9
23 34 21
23 34 24
23 35 7
23 35 9
23 35 16
23 35 23
23 36 7
23 36 19
23 37 6
23 37 27
23 38 6
23 38 14
23 38 26
23 38 27
23 39 18
23 40 4
23 40 18
23 41 6
23 41 8
23 41 11
23 42 12
23 42 13
23 43 2
23 43 7
23 43 14
23 43 17
23 44 9
23 44 16
23 45 6
23 45 7
23 45 18
23 45 24
23 46 15
23 46 17
23 46 23
23 47 7
23 48 7
23 48 8
23 48 13
23 49 9
23 50 2
23 51 11
23 51 15
23 52 11
23 53 13
23 55 16
24 2 19
24 2 20
24 5 6
24 6 8
24 7 2
24 7 16
24 8 3
24 8 9
24 8 16
24 9 4
24 9 5
24 9 29
24 10 4
24 10 9
24 10 20
24 10 24
24 11 10
24 11 12
24 11 15
24 11 19
24 12 14
24 13 0
24 13 5
24 13 14
24 13 15
24 13 16
24 13 22
24 14 10
24 14 15
24 14 16
24 14 26
24 15 10
24 15 13
24 15 17
24 15 21
24 15 26
24 16 1
24 16 6
24 16 7
24 16 13
24 16 33
24 17 22
24 17 28
24 17 29
24 18 13
24 18 23
24 18 29
24 19 6
24 19 28
24 20 19
24 20 20
24 20 23
24 20 25
24 20 26
24 20 28
24 21 7
24 21 17
24 21 23
24 22 1
24 22 7
24 22 11
24 22 13
24 22 15
24 22 28
24 23 1
24 23 22
24 24 0
24 24 7
24 24 11
24 24 15
24 24 16
24 24 22
24 24 25
24 25 14
24 25 16
24 25 18
24 25 27
24 26 2
24 26 10
24 26 20
24 26 22
24 26 29
24 27 21
24 27 23
24 27 29
24 27 30
24 27 31
24 28 15
24 28 24
24 29 24
24 29 25
24 29 30
24 30 8
24 30 27
24 30 31
24 31 11
24 31 13
24 31 17
24 31 25
24 31 27
24 32 7
24 32 12
24 33 7
24 33 14
24 33 21
24 34 8
24 34 18
24 34 24
24 35 21
24 36 7
24 36 12
24 36 14
24 36 19
24 36 20
24 36 27
24 37 7
24 37 24
24 37 26
24 37 27
24 38 19
24 39 23
24 39 24
24 40 18
24 41 4
24 41 7
24 41 9
24 41 18
24 42 12
24 42 17
24 43 7
24 43 10
24 43 14
24 44 6
24 44 7
24 45 1
24 45 5
24 45 8
24 45 16
24 46 1
24 46 2
24 46 17
24 46 22
24 47 0
24 47 1
24 47 10
24 47 15
24 47 16
24 48 9
24 49 10
24 50 20
24 51 8
24 51 9
24 56 14
25 0 16
25 2 21
25 3 22
25 4 9
25 5 4
25 5 5
25 5 7
25 5 8
25 5 26
25 6 7
25 7 3
25 7 4
25 7 17
25 8 3
25 8 4
25 8 10
25 8 17
25 9 2
25 9 3
25 9 5
25 9 9
25 9 16
25 9 18
25 10 30
25 12 3
25 12 8
25 12 20
25 13 0
25 14 1
25 14 4
25 14 7
25 14 10
25 14 11
25 14 14
25 14 22
25 14 23
25 15 10
25 15 20
25 16 7
25 16 9
25 16 10
25 16 14
25 16 17
25 16 18
25 16 28
25 17 5
25 17 16
25 17 18
25 17 19
25 17 25
25 17 26
25 18 7
25 18 16
25 18 17
25 18 18
25 18 27
25 19 6
25 19 14
25 19 22
25 19 24
25 19 27
25 20 7
25 20 10
25 20 11
25 20 17
25 20 23
25 20 30
25 21 3
25 21 4
25 21 7
25 21 8
25 21 17
25 21 21
25 22 6
25 22 7
25 22 15
25 22 22
25 22 29
25 23 11
25 23 27
25 24 6
25 24 11
25 24 12
25 25 14
25 25 15
25 25 17
25 25 21
25 25 23
25 26 10
25 26 11
25 26 12
25 26 29
25 27 10
25 27 11
25 27 23
25 27 29
25 28 0
25 28 10
25 28 11
25 28 17
25 28 29
25 29 10
25 29 24
25 30 14
25 30 16
25 30 17
25 32 20
25 32 26
25 33 9
25 33 16
25 33 18
25 34 22
25 35 7
25 35 18
25 35 24
25 36 21
25 37 15
25 37 26
25 38 7
25 38 8
25 38 20
25 39 9
25 39 23
25 39 24
25 40 3
25 40 8
25 41 12
25 41 17
25 41 24
25 42 7
25 42 10
25 42 14
25 43 3
25 43 11
25 43 17
25 43 23
25 44 6
25 44 13
25 44 21
25 45 9
25 45 17
25 46 21
25 47 7
25 47 15
25 48 7
25 48 18
25 48 26
25 49 13
25 49 17
25 50 11
25 50 15
25 50 18
25 50 20
25 51 19
25 53 16
26 4 13
26 5 3
26 6 5
26 6 18
26 7 17
26 8 0
26 8 2
26 8 3
26 8 6
26 8 9
26 9 0
26 9 2
26 9 14
26 9 17
26 9 20
26 10 2
26 10 3
26 10 12
26 11 0
26 11 8
26 11 18
26 11 22
26 12 8
26 13 7
26 13 20
26 13 26
26 14 7
26 14 10
26 14 20
26 14 24
26 14 26
26 15 10
26 15 25
26 16 1
26 16 2
26 16 18
26 16 23
26 16 24
26 16 28
26 17 8
26 17 12
26 17 23
26 18 4
26 18 18
26 19 3
26 19 5
26 19 6
26 19 8
26 19 12
26 19 19
26 19 25
26 19 28
26 20 15
26 20 26
26 20 31
26 21 6
26 21 7
26 21 13
26 21 19
26 21 20
26 22 6
26 22 14
26 22 25
26 22 28
26 23 11
26 23 12
26 24 12
26 25 10
26 26 2
26 26 15
26 26 20
26 27 0
26 27 9
26 27 16
26 27 25
26 27 29
26 27 31
26 28 9
26 28 12
26 28 29
26 28 30
26 29 11
26 29 16
26 29 25
26 29 32
26 30 11
26 30 15
26 30 24
26 30 31
26 31 9
26 31 16
26 31 21
26 32 8
26 32 10
26 32 18
26 32 23
26 33 15
26 34 14
26 34 21
26 34 29
26 36 14
26 38 17
26 39 8
26 39 12
26 39 17
26 39 21
26 39 22
26 40 8
26 40 20
26 40 24
26 41 6
26 41 17
26 42 11
26 42 26
26 43 10
26 43 23
26 43 30
26 44 2
26 45 5
26 45 6
26 46 9
26 46 13
26 47 4
26 47 11
26 47 14
26 47 16
26 48 8
26 48 11
26 48 14
26 49 7
26 49 21
26 50 7
26 50 18
26 51 7
26 51 8
26 51 9
26 51 11
26 52 9
27 0 10
27 1 10
27 3 4
27 5 1
27 6 4
27 6 6
27 6 7
27 6 28
27 7 1
27 7 4
27 7 7
27 7 18
27 7 19
27 8 3
27 8 19
27 8 21
27 10 9
27 11 17
27 12 7
27 12 8
27 12 25
27 14 2
27 14 3
27 14 5
27 14 7
27 14 10
27 14 11
27 14 23
27 14 25
27 15 2
27 15 11
27 15 25
27 16 2
27 16 3
27 16 6
27 16 17
27 16 24
27 16 27
27 17 3
27 17 5
27 17 16
27 17 22
27 17 23
27 18 7
27 18 11
27 18 29
27 19 2
27 19 6
27 19 8
27 19 10
27 19 13
27 19 19
27 19 30
27 20 7
27 20 9
27 20 14
27 20 18
27 20 20
27 20 21
27 20 24
27 20 28
27 21 11
27 21 18
27 21 23
27 22 6
27 22 10
27 22 30
27 23 6
27 23 8
27 23 10
27 23 12
27 23 26
27 24 11
27 24 32
27 25 9
27 25 20
27 26 0
27 26 11
27 26 14
27 26 28
27 26 32
27 27 19
27 27 26
27 28 0
27 28 22
27 28 28
27 28 29
27 28 30
27 29 11
27 29 12
27 29 25
27 29 31
27 30 8
27 30 21
27 30 30
27 31 13
27 31 32
27 32 9
27 32 15
27 32 19
27 33 23
27 34 13
27 34 22
27 35 15
27 35 17
27 35 20
27 35 22
27 35 25
27 35 29
27 36 15
27 36 25
27 37 14
27 37 17
27 37 29
27 38 15
27 38 19
27 38 28
27 39 19
27 39 20
27 40 6
27 40 9
27 40 24
27 40 26
27 40 31
27 41 15
27 42 27
27 43 7
27 43 8
27 43 18
27 44 17
27 44 24
27 45 10
27 46 24
27 47 7
27 47 11
27 47 15
27 48 7
27 48 17
27 48 22
27 49 8
27 49 21
27 50 7
27 50 8
27 50 10
27 52 7
27 52 12
27 53 7
27 53 8
27 54 12
27 55 17
27 56 14
28 0 19
28 3 5
28 3 7
28 4 7
28 5 6
28 5 9
28 6 3
28 6 4
28 6 5
28 7 5
28 7 20
28 8 4
28 9 12
28 9 15
28 9 19
28 9 22
28 10 9
28 10 16
28 10 18
28 10 20
28 10 24
28 11 25
28 12 14
28 12 23
28 12 26
28 13 7
28 13 8
28 13 16
28 13 17
28 13 21
28 14 7
28 15 18
28 15 22
28 15 26
28 16 1
28 16 11
28 17 1
28 17 4
28 17 6
28 17 9
28 17 15
28 17 19
28 17 20
28 17 23
28 17 29
28 18 1
28 18 4
28 18 5
28 18 6
28 18 8
28 18 22
28 18 24
28 18 25
28 18 29
28 19 6
28 19 21
28 19 24
28 19 29
28 20 10
28 20 18
28 20 21
28 20 28
28 21 3
28 21 5
28 21 7
28 21 26
28 21 28
28 21 29
28 22 12
28 22 18
28 22 26
28 23 4
28 23 14
28 23 26
28 23 30
28 24 1
28 24 5
28 24 14
28 24 26
28 24 32
28 26 13
28 26 15
28 26 31
28 27 6
28 27 17
28 27 19
28 27 21
28 27 29
28 27 30
28 28 15
28 28 17
28 28 18
28 29 10
28 29 13
28 29 32
28 30 9
28 30 13
28 31 9
28 31 11
28 31 17
28 31 18
28 31 22
28 31 24
28 31 29
28 31 31
28 32 14
28 32 18
28 32 22
28 32 23
28 33 21
28 33 22
28 33 23
28 33 29
28 34 16
28 35 12
28 35 19
28 35 24
28 35 30
28 36 16
28 37 12
28 37 15
28 37 16
28 38 9
28 39 6
28 39 9
28 39 20
28 40 6
28 40 13
28 40 16
28 41 5
28 41 8
28 41 17
28 42 17
28 42 26
28 42 31
28 43 8
28 43 14
28 43 15
28 44 6
28 45 8
28 45 22
28 46 5
28 46 12
28 46 16
28 46 19
28 47 6
28 47 7
28 47 11
28 49 21
28 50 11
28 50 19
28 51 7
28 51 8
28 52 7
28 52 9
28 52 14
28 52 15
28 53 8
28 53 16
28 54 7
29 0 19
29 4 6
29 4 7
29 4 12
29 5 7
29 5 9
29 6 0
29 6 1
29 6 3
29 6 4
29 6 5
29 6 8
29 7 0
29 7 2
29 7 4
29 7 5
29 7 21
29 8 12
29 9 11
29 9 16
29 9 17
29 9 18
29 9 23
29 11 21
29 12 5
29 12 9
29 12 11
29 13 10
29 13 21
29 13 24
29 13 25
29 14 12
29 14 19
29 14 20
29 14 24
29 15 3
29 15 6
29 15 7
29 15 11
29 15 17
29 16 1
29 16 18
29 16 26
29 17 2
29 17 10
29 17 28
29 18 1
29 18 5
29 18 11
29 18 12
29 18 20
29 18 25
29 18 30
29 19 1
29 19 4
29 19 10
29 19 11
29 20 1
29 20 2
29 20 5
29 20 8
29 20 10
29 20 17
29 20 18
29 21 10
29 21 12
29 21 13
29 21 14
29 21 24
29 22 5
29 22 9
29 22 12
29 22 16
29 22 27
29 22 29
29 22 31
29 23 5
29 23 9
29 23 26
29 24 10
29 24 14
29 24 18
29 24 24
29 24 31
29 25 18
29 25 21
29 26 18
29 26 27
29 26 29
29 26 31
29 27 15
29 27 19
29 27 29
29 27 31
29 28 17
29 29 17
29 29 18
29 29 19
29 29 30
29 29 32
29 30 11
29 30 13
29 30 22
29 30 23
29 30 25
29 30 29
29 31 6
29 31 9
29 31 10
29 31 13
29 31 26
29 31 28
29 31 32
29 32 10
29 32 11
29 32 12
29 32 22
29 32 24
29 32 26
29 32 32
29 33 13
29 33 21
29 34 10
29 34 12
29 34 21
29 35 11
29 35 19
29 35 26
29 35 29
29 35 31
29 36 14
29 36 16
29 36 17
29 36 18
29 36 25
29 36 26
29 38 27
29 39 6
29 39 7
29 39 12
29 39 14
29 39 16
29 40 6
29 40 7
29 40 13
29 40 16
29 41 17
29 41 26
29 42 8
29 43 6
29 43 10
29 43 13
29 43 23
29 44 5
29 44 6
29 44 7
29 44 14
29 44 15
29 44 19
29 44 20
29 44 21
29 45 6
29 45 10
29 45 15
29 46 5
29 46 8
29 46 11
29 46 14
29 47 5
29 48 18
29 49 11
29 49 14
29 49 18
29 50 8
29 50 16
29 50 20
29 50 21
29 52 15
29 53 8
29 53 14
29 56 12
29 56 13
30 3 8
30 4 8
30 5 9
30 5 28
30 6 1
30 6 6
30 7 3
30 7 5
30 7 20
30 8 16
30 8 22
30 8 23
30 8 24
30 9 10
30 9 13
30 10 8
30 10 9
30 10 13
30 11 7
30 11 8
30 11 11
30 11 24
30 12 6
30 12 9
30 12 11
30 12 19
30 13 17
30 13 22
30 13 23
30 13 25
30 13 26
30 14 4
30 14 8
30 14 11
30 14 12
30 14 17
30 14 18
30 15 6
30 15 7
30 15 12
30 15 19
30 15 28
30 16 13
30 16 21
30 17 7
30 17 19
30 17 21
30 17 22
30 17 24
30 17 27
30 18 2
30 18 4
30 18 5
30 18 8
30 18 11
30 18 27
30 19 5
30 19 10
30 19 12
30 19 15
30 19 20
30 20 2
30 20 5
30 20 6
30 20 7
30 20 9
30 20 10
30 20 12
30 20 13
30 20 17
30 20 20
30 20 31
30 21 10
30 21 11
30 21 13
30 21 15
30 21 22
30 21 30
30 21 31
30 22 4
30 22 12
30 22 31
30 23 6
30 23 11
30 23 15
30 23 22
30 23 23
30 23 26
30 24 6
30 24 7
30 24 10
30 24 11
30 24 22
30 24 30
30 25 6
30 25 8
30 25 9
30 25 14
30 25 27
30 26 6
30 26 8
30 26 9
30 26 10
30 26 11
30 26 15
30 26 19
30 27 5
30 27 7
30 27 11
30 27 13
30 27 15
30 27 27
30 27 29
30 28 11
30 28 25
30 28 29
30 28 31
30 29 6
30 29 10
30 29 11
30 29 22
30 29 29
30 29 30
30 29 31
30 29 32
30 30 7
30 30 8
30 30 19
30 30 32
30 31 10
30 31 12
30 31 17
30 32 10
30 32 11
30 32 29
30 33 10
30 33 13
30 33 20
30 33 32
30 34 9
30 34 10
30 34 11
30 34 19
30 34 26
30 35 6
30 35 12
30 35 27
30 36 17
30 37 29
30 38 7
30 38 29
30 38 30
30 39 6
30 39 15
30 39 25
30 39 28
30 40 11
30 40 23
30 41 6
30 41 12
30 41 20
30 41 28
30 42 5
30 42 10
30 42 15
30 43 25
30 44 9
30 44 13
30 44 14
30 44 18
30 45 5
30 45 10
30 46 5
30 46 8
30 46 17
30 46 21
30 47 5
30 47 8
30 47 13
30 47 17
30 47 21
30 48 12
30 49 13
30 49 15
30 49 18
30 50 13
30 50 18
30 51 10
30 52 9
30 53 8
30 53 14
30 53 16
30 54 9
30 55 17
30 56 13
31 1 7
31 4 10
31 7 15
31 7 19
31 7 22
31 8 20
31 9 13
31 10 12
31 10 14
31 10 19
31 11 8
31 11 9
31 11 11
31 11 16
31 11 21
31 12 5
31 12 6
31 12 11
31 13 5
31 13 11
31 13 19
31 13 33
31 14 8
31 14 18
31 14 25
31 14 29
31 15 3
31 15 6
31 15 7
31 15 11
31 15 19
31 16 27
31 17 6
31 17 7
31 17 11
31 17 13
31 17 22
31 17 25
31 17 26
31 17 27
31 18 7
31 18 8
31 18 12
31 18 19
31 18 21
31 18 24
31 19 1
31 19 7
31 19 8
31 19 9
31 19 10
31 19 11
31 19 19
31 19 20
31 19 21
31 19 24
31 20 6
31 20 9
31 20 10
31 20 11
31 20 12
31 20 14
31 20 30
31 21 1
31 21 11
31 21 12
31 21 15
31 21 17
31 21 28
31 21 29
31 22 8
31 22 10
31 22 11
31 22 12
31 22 21
31 23 9
31 23 11
31 23 13
31 24 0
31 24 7
31 24 12
31 24 13
31 24 14
31 25 4
31 25 8
31 25 10
31 25 11
31 25 12
31 25 13
31 25 15
31 25 19
31 25 21
31 25 22
31 25 24
31 25 27
31 25 29
31 26 7
31 26 9
31 26 13
31 26 27
31 26 31
31 27 29
31 27 31
31 28 18
31 28 21
31 28 22
31 28 25
31 28 28
31 28 31
31 29 9
31 29 10
31 29 14
31 29 27
31 30 7
31 30 12
31 30 14
31 30 29
31 31 10
31 31 13
31 31 21
31 32 10
31 32 13
31 32 18
31 32 29
31 33 10
31 33 12
31 33 17
31 33 19
31 33 27
31 34 7
31 34 8
31 34 10
31 34 31
31 35 11
31 35 12
31 35 24
31 35 31
31 36 6
31 36 11
31 36 15
31 36 16
31 36 18
31 36 20
31 37 6
31 37 18
31 37 30
31 38 5
31 38 22
31 38 29
31 39 15
31 39 19
31 40 12
31 40 16
31 40 21
31 40 28
31 41 9
31 41 15
31 41 19
31 41 24
31 42 14
31 42 15
31 42 17
31 42 20
31 43 11
31 43 14
31 43 20
31 43 24
31 44 6
31 44 9
31 44 10
31 44 12
31 44 15
31 44 19
31 44 24
31 45 8
31 45 10
31 45 11
31 45 23
31 46 11
31 46 18
31 46 23
31 46 24
31 47 18
31 47 22
31 47 23
31 48 6
31 48 9
31 48 17
31 48 18
31 48 19
31 48 22
31 49 7
31 49 11
31 49 21
31 49 22
31 50 7
31 50 9
31 50 17
31 51 15
31 51 17
31 51 20
31 52 17
31 52 18
31 53 10
32 4 3
32 4 6
32 6 3
32 7 2
32 7 4
32 9 5
32 9 13
32 10 0
32 10 4
32 10 10
32 11 26
32 12 8
32 12 9
32 12 24
32 13 5
32 13 7
32 13 8
32 13 24
32 14 18
32 14 22
32 15 13
32 15 24
32 15 28
32 16 1
32 16 7
32 16 11
32 16 30
32 17 5
32 17 6
32 17 14
32 17 20
32 18 0
32 18 1
32 18 10
32 18 12
32 18 13
32 18 20
32 18 21
32 18 23
32 18 26
32 18 27
32 18 31
32 19 1
32 19 4
32 19 5
32 19 8
32 19 10
32 19 11
32 19 12
32 19 24
32 19 26
32 19 28
32 19 29
32 19 31
32 20 9
32 20 10
32 20 12
32 20 17
32 20 27
32 20 32
32 21 5
32 21 10
32 21 11
32 21 12
32 21 13
32 21 17
32 21 25
32 21 32
32 22 4
32 22 8
32 22 10
32 22 14
32 22 21
32 23 4
32 23 8
32 23 11
32 23 12
32 23 13
32 23 18
32 23 19
32 23 27
32 23 31
32 24 0
32 24 20
32 24 21
32 24 30
32 24 32
32 25 0
32 25 8
32 25 13
32 25 15
32 25 24
32 25 27
32 25 28
32 25 29
32 26 9
32 26 31
32 27 25
32 27 27
32 27 28
32 27 29
32 28 11
32 28 16
32 28 29
32 28 31
32 29 19
32 29 20
32 29 24
32 29 29
32 29 31
32 29 32
32 30 13
32 30 20
32 30 31
32 30 32
32 31 10
32 31 31
32 32 8
32 32 9
32 32 13
32 32 15
32 32 28
32 32 31
32 33 6
32 33 14
32 33 18
32 33 23
32 33 25
32 33 31
32 34 11
32 34 23
32 34 26
32 34 31
32 35 11
32 35 17
32 36 11
32 36 15
32 36 28
32 36 30
32 36 31
32 37 8
32 37 9
32 37 17
32 37 26
32 37 27
32 37 30
32 38 11
32 38 21
32 38 23
32 39 10
32 39 12
32 39 15
32 39 21
32 40 5
32 40 9
32 40 10
32 40 28
32 41 5
32 41 9
32 41 14
32 41 25
32 42 13
32 42 18
32 42 23
32 43 6
32 43 10
32 43 11
32 43 13
32 43 19
32 43 20
32 44 11
32 44 13
32 44 19
32 44 22
32 45 6
32 45 13
32 45 18
32 45 21
32 46 9
32 46 18
32 47 8
32 47 12
32 47 16
32 47 21
32 48 17
32 48 19
32 48 21
32 49 18
32 50 7
32 50 17
32 51 7
32 51 8
32 52 6
33 3 5
33 3 12
33 4 9
33 4 10
33 5 7
33 5 9
33 5 10
33 6 5
33 6 7
33 6 18
33 7 2
33 7 6
33 7 21
33 8 0
33 8 10
33 8 17
33 9 17
33 9 19
33 10 0
33 10 1
33 10 8
33 10 10
33 10 11
33 10 12
33 10 13
33 10 23
33 10 24
33 11 8
33 11 11
33 11 26
33 12 26
33 13 23
33 13 24
33 13 25
33 14 11
33 14 24
33 14 28
33 15 7
33 16 11
33 16 17
33 17 7
33 17 8
33 17 11
33 17 14
33 17 15
33 17 20
33 17 22
33 18 1
33 18 5
33 18 7
33 18 11
33 18 15
33 18 29
33 19 2
33 19 10
33 19 11
33 19 18
33 19 24
33 20 0
33 20 6
33 20 9
33 20 10
33 20 11
33 20 12
33 20 13
33 20 14
33 20 23
33 20 25
33 20 31
33 21 4
33 21 7
33 21 10
33 21 12
33 21 25
33 21 28
33 21 29
33 22 4
33 22 8
33 22 12
33 22 15
33 22 32
33 23 7
33 23 8
33 23 11
33 23 16
33 23 17
33 23 27
33 23 29
33 24 5
33 24 10
33 24 17
33 24 32
33 25 5
33 25 8
33 25 10
33 25 11
33 25 13
33 25 26
33 25 27
33 25 28
33 25 29
33 25 30
33 26 7
33 26 11
33 26 13
33 26 19
33 26 20
33 26 25
33 26 28
33 27 5
33 27 7
33 27 9
33 27 13
33 27 25
33 28 11
33 28 22
33 28 31
33 29 10
33 29 28
33 29 31
33 29 32
33 30 8
33 30 9
33 30 10
33 30 18
33 30 20
33 30 23
33 30 24
33 30 26
33 30 31
33 30 32
33 31 10
33 31 16
33 31 23
33 31 31
33 32 11
33 32 29
33 32 31
33 33 6
33 33 9
33 33 16
33 33 18
33 34 9
33 34 10
33 35 10
33 35 24
33 35 27
33 36 12
33 37 10
33 37 11
33 37 14
33 37 29
33 38 7
33 38 26
33 39 11
33 39 17
33 39 19
33 39 21
33 39 26
33 40 9
33 40 12
33 40 19
33 40 26
33 40 27
33 41 6
33 41 10
33 41 15
33 41 20
33 41 24
33 42 7
33 42 11
33 42 20
33 42 23
33 42 25
33 43 18
33 43 20
33 44 10
33 44 18
33 45 9
33 45 11
33 45 20
33 45 21
33 46 9
33 46 15
33 46 18
33 46 23
33 47 16
33 48 7
33 48 10
33 48 13
33 48 15
33 48 17
33 50 7
33 50 10
33 50 13
33 50 16
33 50 17
33 51 19
33 52 8
33 53 13
33 55 14
33 63 17
34 3 7
34 3 10
34 3 11
34 4 4
34 4 8
34 5 4
34 5 5
34 5 6
34 5 7
34 5 10
34 6 3
34 6 5
34 6 6
34 6 7
34 6 10
34 6 22
34 7 0
34 7 4
34 8 14
34 9 14
34 9 17
34 10 14
34 10 16
34 10 25
34 11 14
34 11 15
34 11 32
34 12 8
34 12 11
34 12 14
34 12 19
34 12 20
34 12 24
34 13 7
34 14 27
34 14 28
34 15 8
34 15 18
34 15 19
34 15 20
34 15 22
34 15 27
34 16 10
34 16 28
34 17 1
34 17 4
34 17 5
34 17 11
34 17 13
34 17 17
34 18 5
34 18 6
34 18 9
34 18 10
34 18 11
34 18 13
34 18 18
34 19 2
34 19 4
34 19 10
34 19 13
34 20 5
34 20 13
34 20 29
34 21 5
34 21 6
34 21 13
34 21 14
34 21 15
34 21 18
34 21 28
34 21 30
34 21 32
34 22 4
34 22 5
34 22 6
34 22 10
34 22 12
34 22 14
34 22 24
34 22 28
34 23 11
34 23 12
34 23 14
34 23 27
34 24 14
34 24 17
34 24 29
34 25 18
34 25 29
34 25 31
34 25 32
34 26 1
34 26 6
34 26 11
34 26 24
34 27 7
34 27 13
34 27 17
34 27 19
34 27 26
34 27 30
34 28 10
34 28 11
34 28 14
34 28 32
34 29 17
34 29 22
34 31 13
34 31 19
34 32 16
34 32 21
34 32 23
34 32 29
34 33 9
34 33 10
34 33 23
34 33 25
34 33 32
34 34 9
34 34 10
34 34 14
34 35 10
34 35 12
34 35 15
34 35 19
34 35 21
34 35 25
34 36 11
34 36 14
34 36 18
34 36 19
34 36 22
34 36 31
34 37 11
34 37 14
34 37 22
34 37 26
34 38 30
34 39 25
34 40 9
34 40 10
34 41 12
34 41 17
34 41 18
34 42 10
34 42 20
34 43 5
34 43 18
34 44 22
34 45 7
34 45 9
34 45 10
34 45 18
34 45 19
34 46 7
34 46 10
34 46 17
34 46 27
34 47 5
34 47 14
34 47 22
34 48 9
34 48 14
34 48 21
34 49 17
34 49 21
34 49 22
34 50 7
34 50 14
34 52 12
35 4 7
35 4 26
35 5 3
35 5 4
35 5 5
35 5 7
35 6 2
35 6 5
35 6 6
35 6 16
35 7 3
35 7 4
35 7 10
35 7 16
35 8 3
35 8 5
35 8 11
35 8 17
35 8 23
35 9 4
35 9 15
35 9 21
35 9 22
35 10 6
35 10 7
35 10 15
35 10 16
35 11 3
35 11 10
35 11 12
35 11 13
35 11 22
35 11 23
35 11 32
35 12 1
35 12 18
35 13 15
35 14 14
35 14 16
35 14 19
35 14 20
35 14 25
35 15 10
35 15 15
35 15 18
35 15 24
35 16 0
35 16 13
35 16 14
35 16 22
35 17 1
35 17 4
35 17 6
35 17 27
35 18 21
35 19 6
35 19 10
35 19 13
35 19 18
35 19 24
35 19 26
35 20 5
35 20 6
35 20 11
35 20 13
35 20 20
35 20 31
35 21 5
35 21 6
35 21 26
35 21 28
35 22 5
35 22 6
35 22 9
35 22 10
35 22 12
35 22 13
35 22 17
35 22 24
35 22 31
35 23 6
35 23 7
35 23 13
35 23 18
35 23 26
35 23 29
35 23 32
35 24 1
35 24 6
35 24 7
35 24 9
35 24 10
35 24 12
35 25 8
35 25 9
35 25 11
35 25 12
35 25 18
35 26 9
35 26 10
35 26 11
35 26 12
35 26 15
35 26 23
35 26 31
35 27 16
35 27 18
35 27 31
35 28 17
35 28 20
35 28 22
35 29 9
35 29 16
35 29 28
35 29 32
35 30 12
35 30 13
35 30 21
35 30 32
35 31 17
35 31 23
35 31 27
35 32 25
35 32 32
35 33 22
35 34 21
35 34 31
35 35 10
35 35 21
35 36 10
35 36 12
35 36 18
35 36 21
35 36 22
35 36 26
35 36 29
35 37 14
35 37 19
35 37 20
35 37 29
35 38 9
35 38 11
35 38 12
35 38 17
35 39 12
35 39 15
35 40 12
35 40 21
35 40 24
35 41 8
35 41 17
35 41 20
35 41 22
35 42 9
35 42 10
35 42 14
35 42 18
35 42 23
35 43 9
35 43 14
35 43 15
35 43 16
35 44 7
35 44 25
35 45 7
35 45 24
35 46 8
35 46 9
35 46 18
35 48 8
35 48 10
35 48 12
35 48 21
35 49 21
35 50 6
35 50 10
35 50 14
35 50 17
35 51 7
35 51 14
35 52 11
35 53 8
36 3 8
36 4 4
36 4 5
36 4 7
36 4 10
36 5 7
36 5 9
36 6 10
36 6 19
36 7 10
36 7 19
36 8 4
36 8 10
36 9 2
36 9 3
36 9 5
36 9 10
36 9 23
36 10 17
36 11 3
36 11 11
36 11 26
36 11 32
36 12 21
36 14 10
36 14 13
36 14 20
36 14 25
36 14 27
36 15 1
36 15 9
36 15 11
36 15 12
36 15 14
36 15 29
36 16 4
36 16 11
36 16 21
36 17 15
36 17 19
36 17 29
36 18 15
36 18 24
36 19 5
36 19 13
36 19 18
36 19 26
36 19 28
36 20 3
36 20 4
36 20 7
36 20 11
36 21 11
36 21 12
36 21 16
36 21 27
36 22 6
36 22 11
36 22 19
36 23 6
36 23 8
36 23 10
36 23 12
36 23 29
36 24 7
36 24 10
36 24 12
36 24 16
36 25 2
36 25 6
36 25 10
36 26 10
36 26 11
36 26 14
36 26 22
36 26 26
36 26 32
36 27 0
36 27 9
36 27 22
36 27 24
36 28 22
36 28 30
36 29 8
36 30 15
36 30 18
36 30 27
36 31 21
36 31 25
36 31 27
36 31 29
36 31 32
36 32 8
36 32 18
36 32 20
36 33 20
36 33 21
36 33 31
36 34 9
36 34 27
36 34 29
36 35 11
36 36 9
36 36 14
36 36 19
36 36 22
36 37 9
36 37 12
36 38 9
36 38 10
36 38 11
36 38 24
36 39 11
36 39 16
36 40 9
36 40 12
36 40 21
36 41 15
36 41 27
36 42 19
36 42 26
36 43 15
36 43 16
36 43 19
36 44 6
36 44 7
36 44 10
36 44 17
36 44 18
36 44 20
36 44 22
36 45 5
36 45 23
36 45 24
36 46 8
36 46 20
36 47 11
36 47 18
36 48 10
36 48 12
36 48 22
36 49 16
36 50 8
36 50 13
36 50 17
36 50 18
36 51 15
36 51 16
36 51 18
36 52 7
36 52 10
36 53 6
36 53 8
36 53 10
36 54 18
37 2 22
37 3 7
37 3 9
37 3 10
37 4 8
37 4 9
37 4 10
37 4 11
37 4 12
37 5 6
37 5 12
37 6 3
37 6 5
37 7 1
37 7 16
37 7 17
37 8 2
37 8 7
37 8 12
37 8 17
37 9 1
37 9 2
37 9 3
37 9 12
37 9 14
37 9 21
37 9 24
37 10 8
37 10 17
37 10 18
37 10 23
37 10 24
37 11 6
37 11 8
37 11 9
37 12 2
37 12 18
37 12 19
37 12 32
37 14 22
37 14 27
37 14 33
37 15 1
37 15 11
37 15 14
37 16 0
37 16 5
37 16 7
37 16 8
37 16 11
37 16 12
37 16 18
37 16 23
37 16 26
37 16 29
37 17 11
37 17 13
37 17 14
37 17 19
37 17 27
37 18 4
37 18 16
37 18 19
37 18 26
37 19 10
37 19 18
37 19 27
37 19 30
37 20 12
37 20 15
37 20 22
37 20 26
37 20 29
37 20 31
37 21 10
37 21 16
37 21 27
37 21 29
37 22 5
37 22 7
37 22 13
37 22 16
37 22 21
37 23 6
37 23 7
37 23 10
37 23 28
37 23 32
37 24 10
37 24 12
37 24 15
37 24 18
37 24 29
37 24 32
37 25 6
37 25 20
37 25 29
37 25 31
37 26 0
37 26 11
37 26 13
37 26 24
37 26 25
37 26 32
37 27 0
37 27 9
37 27 11
37 28 9
37 29 17
37 29 19
37 29 20
37 29 27
37 30 12
37 30 27
37 30 30
37 31 11
37 31 13
37 32 9
37 32 20
37 32 22
37 33 17
37 33 24
37 34 9
37 34 14
37 34 18
37 35 8
37 35 9
37 35 22
37 36 5
37 36 6
37 36 9
37 36 10
37 36 22
37 37 15
37 37 23
37 37 27
37 37 29
37 38 7
37 38 13
37 38 24
37 39 8
37 40 9
37 40 21
37 41 8
37 42 12
37 42 30
37 43 20
37 44 17
37 44 20
37 45 12
37 46 5
37 46 10
37 46 17
37 48 7
37 48 12
37 48 21
37 49 6
37 49 7
37 49 12
37 49 13
37 49 18
37 50 8
37 50 12
37 50 18
37 51 8
37 51 9
37 51 10
37 52 14
37 53 9
37 53 15
37 63 16
38 2 12
38 4 7
38 4 10
38 4 11
38 4 12
38 5 12
38 6 8
38 7 2
38 7 18
38 8 7
38 9 3
38 9 12
38 9 15
38 9 16
38 9 17
38 10 3
38 10 10
38 10 17
38 10 22
38 10 24
38 11 4
38 11 25
38 13 13
38 13 19
38 14 1
38 14 15
38 14 20
38 14 24
38 14 27
38 15 1
38 15 2
38 15 11
38 15 20
38 15 22
38 15 25
38 15 26
38 16 12
38 16 28
38 17 11
38 17 13
38 17 19
38 17 25
38 18 5
38 18 22
38 19 11
38 19 15
38 19 18
38 19 27
38 19 29
38 20 8
38 20 9
38 20 13
38 20 14
38 21 7
38 21 8
38 21 13
38 21 21
38 21 24
38 22 0
38 22 14
38 22 17
38 22 24
38 22 31
38 23 1
38 23 10
38 23 13
38 23 20
38 23 25
38 23 26
38 23 27
38 23 31
38 24 10
38 24 11
38 24 15
38 25 10
38 25 16
38 25 18
38 26 0
38 26 13
38 26 19
38 26 21
38 26 27
38 27 10
38 27 11
38 27 31
38 28 11
38 28 19
38 28 24
38 28 26
38 29 25
38 30 7
38 30 27
38 30 29
38 30 31
38 31 17
38 31 24
38 31 28
38 31 30
38 31 31
38 32 8
38 32 11
38 32 18
38 32 22
38 32 25
38 32 26
38 32 27
38 33 8
38 33 11
38 33 17
38 34 20
38 34 27
38 35 6
38 35 9
38 35 14
38 35 17
38 35 25
38 36 5
38 36 9
38 36 11
38 36 22
38 36 25
38 37 9
38 37 13
38 37 19
38 37 28
38 38 4
38 38 25
38 39 12
38 39 14
38 39 20
38 40 3
38 41 6
38 41 10
38 41 12
38 42 6
38 42 12
38 42 13
38 42 17
38 43 2
38 43 8
38 43 11
38 43 23
38 44 19
38 44 21
38 44 24
38 45 5
38 45 6
38 45 17
38 45 19
38 46 14
38 47 8
38 47 12
38 48 18
38 48 19
38 49 18
38 49 25
38 50 7
38 50 24
38 52 9
39 3 7
39 4 7
39 4 10
39 5 7
39 5 13
39 6 5
39 6 6
39 6 12
39 7 9
39 8 9
39 8 22
39 9 14
39 9 20
39 9 22
39 9 23
39 9 24
39 10 13
39 10 24
39 11 4
39 11 9
39 11 17
39 11 20
39 12 4
39 12 9
39 12 14
39 12 20
39 13 5
39 13 6
39 13 13
39 14 1
39 14 8
39 14 18
39 14 23
39 15 3
39 15 5
39 15 12
39 15 15
39 16 10
39 16 11
39 16 18
39 17 10
39 17 12
39 17 26
39 18 8
39 18 10
39 18 11
39 18 16
39 18 18
39 18 19
39 18 22
39 18 26
39 18 29
39 19 4
39 19 18
39 19 20
39 19 26
39 20 8
39 20 12
39 20 20
39 21 0
39 21 9
39 21 12
39 21 13
39 21 18
39 22 24
39 23 9
39 23 13
39 23 14
39 23 15
39 23 18
39 23 20
39 23 26
39 24 2
39 24 13
39 24 17
39 24 21
39 24 31
39 25 10
39 25 22
39 26 9
39 26 10
39 26 12
39 26 25
39 26 31
39 27 0
39 27 28
39 29 21
39 29 29
39 29 31
39 30 12
39 30 13
39 30 14
39 30 16
39 30 20
39 31 8
39 31 22
39 32 8
39 32 11
39 32 17
39 33 7
39 33 9
39 33 13
39 34 7
39 34 20
39 35 7
39 35 14
39 35 22
39 35 25
39 36 8
39 36 14
39 37 7
39 37 8
39 37 13
39 37 25
39 38 10
39 39 8
39 39 11
39 39 12
39 39 14
39 40 6
39 40 7
39 41 3
39 41 9
39 41 10
39 41 21
39 41 25
39 42 3
39 42 11
39 42 14
39 42 19
39 43 6
39 43 14
39 44 5
39 44 10
39 45 2
39 45 7
39 45 17
39 46 0
39 46 14
39 48 18
39 49 9
39 49 14
39 49 17
39 50 9
39 52 8
39 55 14
39 55 15
40 3 10
40 4 11
40 5 11
40 6 8
40 6 11
40 7 6
40 7 12
40 7 15
40 8 4
40 8 15
40 9 8
40 10 9
40 10 16
40 11 2
40 11 6
40 11 19
40 11 24
40 12 20
40 12 25
40 12 26
40 13 9
40 13 21
40 13 23
40 13 27
40 14 7
40 14 9
40 14 11
40 14 16
40 14 32
40 15 4
40 15 10
40 15 11
40 16 6
40 16 7
40 16 18
40 16 21
40 16 27
40 17 0
40 17 14
40 17 17
40 17 21
40 17 29
40 18 17
40 18 29
40 19 12
40 19 20
40 20 1
40 20 14
40 21 1
40 21 9
40 21 22
40 21 26
40 22 10
40 22 12
40 22 15
40 22 17
40 22 19
40 23 30
40 24 16
40 24 23
40 25 0
40 25 29
40 26 1
40 27 10
40 27 14
40 27 18
40 27 26
40 28 8
40 28 9
40 28 27
40 28 28
40 29 0
40 29 7
40 29 14
40 29 21
40 30 22
40 30 29
40 31 6
40 32 11
40 32 19
40 32 28
40 33 9
40 33 19
40 34 14
40 34 26
40 35 6
40 35 12
40 35 18
40 36 7
40 36 11
40 36 14
40 36 26
40 36 28
40 37 7
40 37 13
40 37 18
40 38 7
40 38 9
40 39 6
40 39 11
40 39 20
40 39 25
40 40 8
40 40 25
40 41 7
40 41 9
40 41 13
40 42 22
40 43 6
40 43 7
40 43 11
40 43 13
40 43 15
40 43 16
40 43 19
40 44 3
40 44 7
40 44 9
40 44 15
40 45 7
40 45 12
40 45 20
40 46 7
40 46 18
40 46 22
40 47 5
40 48 2
40 48 13
40 48 14
40 48 18
40 49 17
40 49 19
40 50 9
40 56 14
41 3 10
41 3 11
41 4 10
41 4 11
41 6 4
41 7 5
41 7 6
41 8 15
41 8 18
41 8 19
41 9 8
41 9 14
41 9 15
41 9 22
41 10 2
41 10 18
41 11 7
41 11 16
41 11 19
41 11 20
41 11 25
41 12 9
41 12 20
41 13 2
41 13 3
41 13 11
41 13 25
41 14 9
41 14 16
41 14 26
41 14 27
41 15 21
41 15 27
41 16 25
41 18 11
41 18 26
41 19 11
41 19 21
41 20 12
41 20 17
41 20 19
41 20 20
41 20 21
41 20 30
41 21 13
41 21 21
41 21 23
41 22 0
41 22 10
41 22 17
41 22 18
41 23 11
41 23 15
41 23 22
41 23 30
41 24 18
41 24 22
41 24 25
41 24 31
41 25 1
41 25 11
41 26 0
41 26 11
41 26 26
41 27 9
41 27 16
41 27 17
41 27 21
41 28 10
41 28 21
41 28 24
41 28 26
41 28 28
41 29 0
41 29 10
41 29 17
41 29 18
41 29 20
41 29 22
41 29 24
41 29 28
41 29 29
41 30 0
41 30 24
41 30 26
41 31 10
41 31 12
41 31 22
41 31 25
41 32 1
41 32 12
41 32 16
41 33 15
41 33 18
41 33 21
41 34 7
41 34 8
41 34 9
41 34 16
41 34 21
41 34 22
41 34 25
41 35 15
41 35 17
41 36 6
41 36 8
41 36 14
41 36 22
41 36 24
41 36 27
41 37 7
41 37 18
41 37 21
41 37 24
41 37 25
41 38 5
41 38 16
41 38 20
41 38 24
41 38 26
41 39 7
41 39 8
41 39 9
41 39 13
41 39 19
41 40 6
41 40 8
41 40 9
41 40 10
41 40 18
41 40 26
41 41 4
41 41 7
41 41 11
41 42 11
41 42 21
41 42 24
41 43 5
41 43 24
41 44 6
41 44 7
41 44 20
41 44 21
41 45 15
41 45 18
41 45 19
41 45 22
41 46 9
41 47 5
41 47 16
41 47 17
41 47 19
41 48 2
41 48 9
41 48 16
41 49 7
41 49 10
41 49 14
41 49 15
41 51 10
41 51 12
41 51 13
41 52 11
41 52 12
41 54 13
41 54 16
41 54 17
42 4 11
42 4 22
42 6 8
42 7 9
42 7 10
42 8 4
42 8 6
42 8 7
42 8 11
42 8 14
42 9 16
42 9 18
42 10 12
42 10 16
42 10 19
42 10 22
42 11 15
42 11 16
42 11 19
42 11 24
42 12 10
42 12 12
42 12 13
42 12 17
42 13 2
42 13 27
42 14 13
42 14 15
42 14 26
42 14 27
42 14 32
42 15 12
42 15 28
42 16 14
42 16 21
42 17 20
42 18 8
42 18 11
42 18 20
42 18 21
42 18 25
42 18 29
42 19 12
42 19 17
42 19 18
42 19 21
42 20 1
42 20 7
42 20 8
42 20 10
42 20 12
42 20 17
42 20 20
42 21 14
42 21 20
42 21 27
42 21 28
42 22 24
42 23 1
42 23 26
42 24 10
42 24 18
42 24 22
42 24 25
42 24 29
42 25 9
42 25 11
42 25 18
42 25 23
42 26 9
42 26 12
42 26 15
42 26 30
42 27 0
42 27 10
42 27 11
42 27 19
42 27 23
42 27 27
42 28 13
42 28 30
42 29 16
42 29 17
42 29 20
42 29 21
42 29 28
42 29 29
42 30 11
42 30 15
42 30 27
42 32 20
42 32 33
42 33 15
42 33 25
42 34 8
42 34 12
42 34 19
42 34 20
42 34 21
42 34 23
42 34 25
42 35 3
42 35 12
42 36 6
42 36 9
42 36 13
42 36 26
42 37 5
42 37 7
42 37 10
42 38 6
42 40 10
42 40 13
42 40 15
42 40 19
42 40 20
42 42 10
42 42 16
42 42 22
42 42 23
42 43 20
42 43 22
42 44 1
42 44 7
42 44 15
42 44 20
42 44 22
42 45 1
42 45 7
42 45 10
42 45 11
42 45 16
42 45 18
42 46 7
42 46 9
42 46 12
42 46 20
42 47 13
42 47 15
42 47 20
42 48 5
42 48 9
42 49 10
42 49 13
42 50 16
42 52 14
42 53 15
42 54 14
43 5 10
43 7 9
43 8 6
43 9 3
43 9 8
43 9 12
43 9 20
43 10 3
43 10 9
43 10 21
43 10 22
43 11 8
43 11 12
43 11 14
43 11 19
43 12 3
43 12 5
43 12 14
43 12 15
43 12 18
43 13 13
43 13 21
43 14 6
43 14 15
43 15 0
43 15 9
43 15 27
43 16 16
43 16 18
43 17 8
43 17 27
43 17 28
43 17 29
43 18 0
43 18 9
43 18 15
43 18 17
43 18 18
43 18 23
43 18 25
43 19 33
43 20 12
43 20 23
43 20 27
43 21 29
43 23 11
43 23 14
43 23 21
43 24 13
43 24 15
43 25 14
43 25 15
43 25 18
43 25 28
43 26 13
43 26 16
43 26 17
43 26 23
43 27 26
43 27 27
43 27 29
43 28 13
43 28 17
43 29 0
43 29 9
43 29 12
43 30 9
43 30 25
43 31 8
43 31 20
43 31 23
43 32 21
43 33 7
43 33 12
43 33 18
43 33 19
43 33 21
43 33 23
43 34 0
43 34 3
43 34 7
43 34 14
43 34 15
43 34 18
43 34 20
43 34 23
43 35 3
43 35 7
43 35 8
43 35 11
43 36 3
43 36 10
43 37 8
43 37 9
43 37 18
43 37 24
43 38 7
43 38 8
43 38 15
43 38 16
43 38 18
43 38 19
43 38 23
43 38 25
43 39 5
43 39 25
43 40 3
43 40 4
43 40 7
43 40 17
43 40 23
43 41 10
43 42 12
43 42 23
43 43 12
43 43 13
43 43 16
43 43 19
43 43 23
43 44 8
43 44 17
43 45 12
43 46 11
43 46 20
43 47 0
43 47 7
43 47 14
43 47 16
43 47 17
43 48 15
43 50 9
43 50 10
43 53 14
43 54 12
43 54 14
44 5 9
44 6 9
44 6 10
44 6 23
44 7 6
44 7 8
44 7 18
44 7 21
44 8 8
44 8 27
44 9 5
44 9 8
44 10 8
44 10 11
44 10 16
44 11 17
44 11 22
44 12 14
44 12 16
44 12 18
44 12 24
44 13 1
44 13 8
44 13 12
44 13 15
44 14 18
44 14 20
44 14 23
44 15 7
44 15 17
44 15 27
44 16 0
44 16 12
44 16 15
44 16 17
44 16 21
44 16 27
44 17 14
44 17 21
44 17 25
44 18 9
44 18 18
44 18 27
44 19 25
44 19 26
44 21 12
44 21 19
44 21 22
44 21 24
44 21 25
44 22 15
44 22 23
44 22 26
44 23 14
44 24 27
44 25 0
44 25 16
44 25 19
44 25 25
44 26 2
44 26 14
44 26 17
44 26 19
44 26 21
44 27 1
44 27 8
44 27 14
44 27 16
44 27 17
44 28 7
44 28 8
44 28 12
44 28 15
44 28 20
44 29 8
44 29 12
44 29 17
44 29 20
44 30 18
44 30 27
44 31 11
44 31 20
44 32 7
44 32 8
44 32 18
44 33 9
44 33 13
44 33 14
44 33 22
44 34 10
44 34 16
44 34 17
44 34 18
44 35 7
44 35 8
44 35 22
44 36 9
44 36 13
44 36 19
44 37 5
44 37 6
44 37 9
44 37 24
44 38 5
44 38 7
44 38 8
44 38 12
44 39 3
44 39 24
44 40 10
44 40 19
44 41 5
44 41 8
44 41 14
44 41 23
44 42 23
44 43 7
44 43 11
44 43 17
44 43 18
44 44 6
44 44 16
44 44 21
44 45 3
44 45 8
44 45 19
44 46 8
44 46 15
44 46 16
44 46 26
44 47 7
44 47 8
44 47 9
44 47 13
44 47 14
44 47 18
44 48 7
44 48 9
44 48 10
44 48 12
44 48 15
44 50 11
44 52 15
45 6 8
45 6 21
45 7 8
45 8 6
45 8 7
45 8 8
45 10 9
45 10 12
45 12 17
45 13 18
45 14 20
45 15 18
45 15 19
45 15 23
45 15 26
45 16 0
45 16 10
45 16 27
45 17 25
45 18 8
45 18 18
45 18 23
45 18 24
45 19 7
45 19 11
45 19 12
45 19 15
45 19 17
45 19 26
45 20 25
45 20 26
45 21 14
45 21 20
45 21 27
45 22 0
45 22 22
45 22 23
45 22 26
45 23 25
45 24 0
45 24 11
45 24 15
45 24 17
45 24 18
45 24 21
45 24 29
45 25 1
45 25 15
45 25 17
45 25 20
45 25 21
45 25 23
45 25 26
45 25 28
45 26 13
45 26 17
45 26 28
45 27 1
45 27 11
45 27 16
45 27 17
45 27 19
45 27 21
45 28 12
45 28 16
45 28 17
45 28 28
45 29 12
45 29 15
45 29 16
45 29 23
45 31 8
45 31 10
45 31 14
45 31 19
45 31 31
45 32 8
45 32 10
45 32 11
45 32 14
45 32 15
45 32 17
45 33 7
45 33 9
45 33 11
45 33 12
45 33 13
45 33 23
45 34 6
45 34 8
45 34 9
45 34 23
45 35 0
45 35 6
45 35 11
45 35 14
45 36 0
45 36 1
45 36 6
45 36 7
45 36 15
45 37 12
45 38 10
45 38 11
45 38 16
45 38 22
45 39 5
45 39 6
45 39 18
45 39 20
45 39 22
45 40 2
45 40 8
45 40 22
45 40 23
45 40 27
45 41 13
45 41 21
45 41 22
45 42 4
45 42 10
45 42 16
45 42 18
45 42 21
45 43 7
45 43 8
45 44 9
45 44 14
45 44 17
45 44 20
45 45 6
45 45 9
45 46 15
45 46 24
45 47 15
45 47 24
45 48 7
45 48 8
45 48 14
45 51 16
46 7 17
46 8 21
46 11 11
46 12 12
46 12 18
46 12 20
46 13 11
46 13 15
46 14 14
46 14 20
46 15 16
46 16 20
46 16 26
46 17 9
46 18 1
46 18 12
46 19 6
46 19 10
46 19 13
46 19 27
46 20 17
46 20 18
46 20 22
46 20 27
46 21 0
46 21 7
46 22 20
46 22 25
46 22 26
46 23 11
46 23 15
46 23 18
46 24 17
46 25 17
46 25 18
46 25 19
46 25 21
46 25 24
46 25 28
46 26 15
46 26 27
46 27 17
46 27 18
46 27 19
46 27 24
46 28 16
46 28 21
46 28 22
46 28 27
46 29 7
46 29 9
46 29 11
46 29 14
46 29 15
46 29 25
46 30 26
46 30 31
46 31 18
46 32 7
46 32 8
46 33 4
46 33 6
46 33 7
46 33 9
46 33 11
46 33 12
46 33 19
46 34 0
46 34 8
46 34 21
46 34 24
46 35 0
46 35 1
46 35 14
46 35 18
46 36 4
46 36 13
46 36 18
46 36 22
46 36 23
46 36 24
46 37 19
46 37 22
46 38 5
46 38 9
46 38 10
46 38 11
46 38 19
46 38 20
46 39 3
46 39 6
46 39 8
46 39 10
46 39 18
46 39 19
46 39 22
46 40 20
46 40 22
46 41 2
46 41 4
46 41 17
46 41 20
46 41 21
46 42 4
46 42 12
46 42 13
46 42 18
46 43 1
46 43 4
46 43 5
46 43 10
46 43 18
46 44 4
46 44 8
46 44 13
46 44 14
46 44 16
46 45 18
46 46 5
46 46 16
46 47 13
46 47 14
46 48 5
46 48 8
46 48 11
46 48 12
46 48 13
46 49 16
46 50 12
46 50 20
46 51 13
46 51 17
47 7 16
47 7 18
47 8 7
47 10 20
47 10 21
47 12 14
47 13 18
47 14 13
47 14 22
47 14 24
47 15 20
47 15 22
47 16 11
47 16 12
47 17 20
47 17 23
47 17 26
47 18 26
47 19 8
47 19 12
47 19 16
47 19 17
47 20 25
47 21 25
47 22 21
47 22 23
47 22 25
47 23 9
47 23 32
47 24 17
47 24 20
47 24 25
47 25 9
47 25 19
47 26 8
47 26 16
47 26 17
47 26 27
47 27 11
47 27 13
47 27 16
47 27 23
47 27 27
47 28 26
47 29 13
47 29 19
47 29 23
47 30 7
47 30 11
47 30 21
47 30 25
47 31 7
47 31 11
47 31 19
47 31 26
47 32 9
47 32 21
47 33 0
47 33 6
47 33 7
47 33 17
47 33 19
47 33 22
47 34 7
47 35 5
47 35 8
47 36 1
47 36 21
47 36 23
47 37 0
47 37 10
47 37 11
47 37 22
47 37 26
47 38 2
47 38 3
47 38 6
47 38 19
47 39 4
47 39 5
47 39 9
47 39 15
47 39 20
47 40 2
47 40 10
47 40 21
47 41 20
47 42 0
47 42 6
47 42 15
47 42 17
47 42 19
47 43 0
47 43 4
47 43 6
47 43 13
47 44 1
47 44 2
47 44 4
47 44 5
47 44 8
47 44 14
47 44 15
47 45 2
47 45 3
47 45 11
47 46 6
47 46 7
47 46 10
47 46 22
47 47 6
47 48 6
47 48 8
47 48 10
47 49 11
47 49 13
47 50 11
47 51 12
48 9 17
48 12 11
48 13 13
48 13 28
48 15 11
48 16 12
48 16 21
48 16 24
48 17 9
48 17 14
48 17 25
48 18 16
48 18 19
48 19 14
48 19 21
48 21 9
48 21 16
48 21 21
48 21 26
48 22 2
48 22 24
48 23 27
48 24 9
48 24 12
48 24 20
48 24 24
48 25 16
48 25 26
48 25 27
48 26 16
48 26 19
48 26 27
48 27 8
48 27 15
48 27 16
48 27 17
48 27 25
48 27 26
48 27 27
48 28 8
48 28 26
48 29 0
48 29 25
48 30 0
48 30 17
48 30 18
48 30 21
48 30 26
48 31 0
48 31 7
48 31 17
48 31 24
48 32 0
48 32 1
48 32 8
48 32 17
48 33 6
48 33 16
48 33 22
48 33 23
48 34 0
48 34 8
48 34 15
48 34 23
48 35 22
48 36 14
48 36 16
48 36 22
48 37 11
48 37 12
48 37 20
48 37 21
48 38 11
48 38 21
48 38 24
48 39 5
48 39 6
48 39 8
48 39 15
48 39 20
48 40 0
48 40 4
48 40 5
48 40 6
48 40 14
48 40 17
48 40 20
48 41 6
48 41 7
48 41 10
48 41 11
48 41 13
48 41 18
48 42 0
48 42 1
48 42 2
48 42 7
48 42 18
48 43 0
48 43 1
48 43 5
48 43 9
48 43 10
48 44 1
48 44 4
48 44 6
48 44 7
48 44 11
48 44 12
48 44 14
48 45 3
48 45 4
48 45 7
48 45 19
48 46 5
48 46 6
48 46 7
48 47 9
48 47 10
48 47 12
48 48 10
48 48 11
48 48 12
48 48 15
49 8 16
49 9 16
49 11 20
49 12 19
49 12 20
49 14 13
49 15 15
49 15 17
49 15 20
49 16 21
49 16 22
49 17 10
49 17 14
49 18 17
49 18 23
49 19 9
49 19 14
49 19 17
49 20 9
49 20 13
49 20 25
49 21 0
49 21 14
49 21 22
49 22 15
49 22 22
49 22 26
49 23 9
49 23 10
49 23 11
49 23 22
49 24 9
49 24 11
49 24 13
49 24 20
49 24 21
49 25 8
49 25 14
49 25 24
49 25 25
49 26 8
49 26 18
49 26 20
49 27 10
49 27 11
49 27 16
49 27 17
49 27 25
49 27 26
49 28 0
49 28 7
49 28 12
49 28 13
49 28 19
49 28 22
49 28 25
49 28 26
49 29 0
49 29 10
49 29 11
49 29 17
49 29 20
49 29 26
49 29 29
49 30 11
49 30 14
49 30 15
49 30 21
49 31 7
49 31 9
49 31 10
49 31 13
49 31 15
49 31 17
49 31 20
49 31 24
49 32 18
49 32 22
49 32 24
49 34 21
49 34 23
49 35 22
49 36 7
49 36 17
49 36 21
49 37 4
49 37 5
49 37 6
49 37 11
49 37 14
49 37 18
49 37 20
49 37 24
49 38 1
49 38 4
49 38 9
49 38 12
49 38 18
49 39 4
49 39 13
49 39 21
49 40 6
49 41 6
49 41 7
49 41 8
49 42 1
49 42 2
49 42 6
49 42 7
49 42 8
49 42 15
49 43 0
49 43 3
49 43 4
49 43 6
49 43 7
49 43 12
49 44 3
49 44 6
49 44 7
49 44 8
49 45 4
49 45 5
49 45 6
49 45 7
49 45 8
49 45 9
49 45 18
49 46 3
49 46 7
49 46 8
49 46 9
49 46 10
49 47 8
49 47 10
49 47 12
49 48 9
49 48 10
49 48 12
50 7 6
50 10 15
50 10 16
50 11 16
50 15 14
50 18 22
50 19 16
50 19 21
50 20 10
50 20 13
50 20 15
50 20 16
50 21 9
50 21 19
50 21 22
50 21 24
50 22 10
50 22 17
50 23 8
50 23 14
50 23 24
50 24 14
50 24 16
50 24 19
50 24 20
50 24 25
50 25 12
50 25 15
50 26 14
50 26 16
50 26 21
50 26 22
50 26 23
50 27 12
50 27 13
50 27 16
50 28 8
50 28 11
50 28 16
50 28 20
50 28 21
50 28 24
50 29 11
50 29 15
50 29 16
50 29 19
50 29 25
50 30 9
50 30 11
50 30 16
50 30 21
50 30 24
50 31 13
50 31 15
50 31 20
50 31 23
50 32 8
50 32 10
50 32 14
50 32 17
50 32 18
50 32 20
50 32 23
50 33 10
50 33 12
50 33 21
50 34 9
50 34 11
50 34 21
50 35 1
50 35 19
50 36 0
50 36 10
50 36 15
50 36 24
50 37 5
50 37 13
50 37 18
50 38 0
50 38 6
50 38 7
50 38 21
50 38 23
50 39 1
50 39 5
50 39 6
50 39 7
50 39 12
50 39 16
50 39 17
50 39 22
50 40 3
50 40 4
50 40 5
50 40 6
50 40 8
50 41 7
50 41 8
50 41 10
50 41 20
50 42 4
50 42 6
50 42 7
50 42 8
50 42 9
50 42 17
50 42 19
50 43 4
50 43 5
50 43 9
50 43 10
50 43 17
50 43 18
50 44 7
50 44 8
50 44 10
50 44 16
50 44 18
50 45 9
50 45 10
50 45 11
50 45 14
50 45 15
50 45 16
50 46 7
50 46 9
50 46 10
50 46 11
50 46 12
50 46 13
50 46 14
50 46 15
50 47 9
50 47 10
50 47 12
50 47 13
51 9 14
51 10 15
51 15 26
51 19 12
51 19 14
51 19 15
51 19 20
51 20 16
51 20 18
51 21 11
51 21 14
51 21 17
51 22 19
51 22 22
51 22 24
51 23 9
51 23 14
51 23 18
51 23 19
51 23 20
51 23 22
51 23 23
51 23 24
51 24 9
51 24 11
51 24 19
51 24 23
51 25 9
51 25 11
51 25 16
51 25 24
51 25 28
51 26 13
51 26 24
51 27 13
51 27 15
51 27 16
51 27 17
51 27 20
51 27 22
51 28 10
51 28 19
51 28 22
51 28 24
51 29 9
51 29 15
51 29 19
51 29 23
51 29 24
51 30 9
51 30 11
51 30 22
51 30 23
51 31 17
51 31 23
51 32 9
51 32 17
51 33 10
51 33 14
51 33 20
51 34 15
51 34 18
51 34 19
51 34 20
51 34 21
51 35 23
51 36 6
51 36 21
51 36 24
51 37 6
51 37 7
51 37 8
51 37 20
51 37 22
51 38 6
51 38 7
51 38 8
51 38 10
51 38 12
51 38 18
51 38 20
51 39 4
51 39 6
51 39 17
51 39 18
51 39 19
51 40 5
51 40 6
51 40 7
51 40 10
51 40 17
51 40 19
51 41 4
51 41 5
51 41 6
51 41 7
51 41 8
51 41 10
51 41 11
51 41 13
51 41 16
51 41 17
51 41 19
51 42 7
51 42 8
51 42 9
51 42 10
51 42 11
51 42 17
51 43 7
51 43 8
51 43 9
51 43 10
51 43 11
51 43 12
51 43 13
51 43 15
51 43 16
51 43 17
51 43 18
51 44 2
51 44 8
51 44 9
51 44 10
51 44 11
51 44 12
51 44 13
51 44 14
51 44 15
51 44 16
51 44 17
51 45 9
51 45 10
51 45 11
51 45 12
51 45 13
51 45 14
51 45 15
51 46 9
51 46 10
51 46 11
51 46 12
51 46 13
51 46 14
52 9 11
52 9 15
52 11 15
52 12 14
52 12 17
52 13 18
52 17 11
52 18 15
52 19 10
52 20 12
52 20 17
52 20 18
52 21 12
52 22 16
52 22 20
52 23 12
52 23 13
52 23 14
52 23 15
52 23 18
52 23 21
52 23 22
52 24 12
52 24 13
52 24 21
52 25 14
52 25 18
52 26 14
52 26 15
52 26 19
52 26 21
52 27 9
52 27 10
52 28 11
52 28 13
52 28 15
52 28 16
52 28 21
52 28 22
52 29 9
52 29 11
52 29 17
52 29 21
52 29 22
52 30 10
52 30 12
52 30 15
52 30 16
52 30 21
52 30 22
52 31 14
52 31 16
52 32 5
52 32 11
52 32 12
52 32 13
52 32 15
52 33 18
52 36 6
52 36 19
52 37 8
52 37 9
52 37 10
52 37 11
52 37 12
52 37 19
52 37 20
52 38 6
52 38 7
52 38 8
52 38 9
52 38 10
52 38 11
52 38 12
52 38 13
52 38 14
52 38 15
52 38 16
52 38 17
52 38 18
52 38 19
52 38 20
52 38 21
52 39 6
52 39 8
52 39 9
52 39 11
52 39 12
52 39 13
52 39 14
52 39 15
52 39 16
52 39 17
52 39 19
52 40 8
52 40 11
52 40 13
52 40 14
52 40 16
52 40 17
52 40 18
52 40 19
52 41 7
52 41 8
52 41 9
52 41 13
52 41 14
52 41 15
52 41 16
52 41 17
52 41 18
52 42 8
52 42 9
52 42 10
52 42 11
52 42 12
52 42 16
52 42 17
52 42 18
52 43 8
52 43 9
52 43 13
52 43 14
52 43 15
52 43 16
52 43 17
52 44 9
52 44 10
52 44 12
52 44 13
52 44 14
52 44 15
52 45 5
52 45 12
52 45 13
52 45 14
53 18 26
53 19 25
53 19 26
53 20 11
53 20 21
53 21 11
53 21 21
53 21 26
53 22 11
53 23 12
53 23 15
53 24 12
53 24 13
53 24 15
53 24 21
53 25 18
53 25 21
53 26 21
53 27 15
53 28 15
53 28 17
53 28 21
53 29 27
53 30 7
53 31 19
53 32 6
53 32 23
53 33 9
53 33 24
53 34 19
53 34 23
53 35 9
53 36 12
53 36 17
53 37 9
53 37 10
53 37 11
53 37 12
53 37 14
53 37 20
53 38 9
53 38 10
53 38 11
53 38 12
53 38 13
53 38 18
53 38 19
53 38 20
53 39 9
53 39 11
53 39 12
53 39 13
53 39 14
53 39 17
53 39 19
53 40 10
53 40 11
53 40 13
53 40 14
53 40 18
53 41 9
53 41 10
53 41 12
53 41 13
53 41 14
53 42 10
53 42 11
53 42 13
53 43 11
53 44 12
54 19 16
54 20 25
54 21 20
54 22 19
54 24 14
54 25 23
54 26 14
54 26 17
54 27 12
54 30 8
54 30 21
54 33 12
54 34 15
54 34 17
54 34 18
54 35 14
54 35 15
54 35 16
54 35 17
54 36 11
54 36 12
54 36 13
54 36 15
54 36 17
54 37 12
54 37 14
54 39 12
54 40 11
54 40 12
54 40 13
54 40 14
55 23 17
55 23 19
55 24 16
55 27 17
55 28 8
55 28 12
55 29 8
55 29 9
55 30 12
55 30 16
55 31 18
55 33 13
55 34 11
55 34 13
55 34 14
55 35 11
55 35 12
55 35 14
55 35 15
55 36 13
55 36 15
55 36 16
55 37 16
55 38 12
55 39 12
56 22 15
56 23 16
56 24 12
56 26 12
56 27 10
56 27 17
56 28 14
56 29 13
56 29 14
56 30 14
56 30 15
57 32 16
