0.000000000000000000e+00
0.000000000000000000e+00
0.000000000000000000e+00
0.000000000000000000e+00
0.000000000000000000e+00
0.000000000000000000e+00
0.000000000000000000e+00
0.000000000000000000e+00
0.000000000000000000e+00
0.000000000000000000e+00
0.000000000000000000e+00
0.000000000000000000e+00
0.000000000000000000e+00
0.000000000000000000e+00
0.000000000000000000e+00
0.000000000000000000e+00
0.000000000000000000e+00
0.000000000000000000e+00
0.000000000000000000e+00
0.000000000000000000e+00
0.000000000000000000e+00
-4.950141195613057547e-08
-1.482804764933747667e-06
-1.133118853168163540e-05
-4.888285344669346746e-05
-1.525759415584874903e-04
-3.860435187139637939e-04
-8.426384057106578234e-04
-1.648130467152757704e-03
-2.961522282464731579e-03
-4.974097386424458644e-03
-7.906919492316177508e-03
-1.200705794746168703e-02
-1.754283720849695444e-02
-2.479840656542411925e-02
-3.406790856053937971e-02
-4.564944703698892159e-02
-5.983793522177109636e-02
-7.691501330720496021e-02
-9.713720900612052289e-02
-1.207242655486385763e-01
-1.478489979973633961e-01
-1.786317380419691903e-01
-2.131437971440804380e-01
-2.514178872636205209e-01
-2.934616357883126359e-01
-3.392715170916253409e-01
-3.888455031157456165e-01
-4.421934555797023547e-01
-4.993447999462166109e-01
-5.603533821745312338e-01
-6.252996504618519857e-01
-6.942904550810561348e-01
-7.674568433938248058e-01
-8.449502625145333123e-01
-9.269375832397688253e-01
-1.013595234913183596e+00
-1.105100467227305039e+00
-1.201615950376449860e+00
-1.303270092141719072e+00
-1.410137017955696903e+00
-1.522218808502493914e+00
-1.639431497827152029e+00
-1.761595544724926965e+00
-1.888430934201755562e+00
-2.019556689949213002e+00
-2.154494339718903362e+00
-2.292674738693288639e+00
-2.433447594127672531e+00
-2.576093026253931662e+00
-2.719834529030895176e+00
-2.863852746989271836e+00
-3.007299551433282758e+00
-3.149311973378583041e+00
-3.289025626536725699e+00
-3.425587327651363090e+00
-3.558166691002517368e+00
-3.685966537300544132e+00
-3.808232013572686370e+00
-3.924258369610472030e+00
-4.033397378088248608e+00
-4.135062419847264081e+00
-4.228732283516200674e+00
-4.313953750175529400e+00
-4.390343049802117648e+00
-4.457586287411084314e+00
-4.515438943800112348e+00
-4.563724559230330158e+00
-4.602332708843105635e+00
-4.631216376662843359e+00
-4.650388831169905757e+00
-4.659920044825238250e+00
-4.659931480207568200e+00
-4.650587103967089853e+00
-4.632081853932295878e+00
-4.604629653883179685e+00
-4.568452355316735769e+00
-4.523770409572742679e+00
-4.470795659067914762e+00
-4.409726346511944506e+00
-4.340744246497100889e+00
-4.264013701350767960e+00
-4.179682274061573111e+00
-4.087882700834515326e+00
-3.988735823008989101e+00
-3.882354193888520655e+00
-3.768846139032444142e+00
-3.648321296470631747e+00
-3.520899655352201840e+00
-3.386722778005081924e+00
-3.245965050182993750e+00
-3.098843545775768593e+00
-2.945625691266027246e+00
-2.786634349350028295e+00
-2.622250246960858178e+00
-2.452911879921720661e+00
-2.279113158269776562e+00
-2.101399131792294206e+00
-1.920360169451875043e+00
-1.736624970893960285e+00
-1.550852772278189518e+00
-1.363725128807273146e+00
-1.175938705694581365e+00
-9.882013226289123597e-01
-8.012304340114284606e-01
-6.157524000614434945e-01
-4.325014982726952395e-01
-2.522180978305110788e-01
-7.564575231119433085e-02
9.647280862168067239e-02
2.634006633564309752e-01
4.244124487442474392e-01
5.788006264677811874e-01
7.258820051617713709e-01
8.650042691871404621e-01
9.955522895527936234e-01
1.116954074421160126e+00
1.228687339562687608e+00
1.330288570762431011e+00
1.421363465470270482e+00
1.501596888173020616e+00
1.570761139629768710e+00
1.628721937573644141e+00
1.675441942043909505e+00
1.710981753085424328e+00
1.735498444299941045e+00
1.749241846523065025e+00
1.752548888901630075e+00
1.745836352197040364e+00
1.729592403755119134e+00
1.704367275054592845e+00
1.670763418660496491e+00
1.629425447571359209e+00
1.581030120737709321e+00
1.526276597183141792e+00
1.465877140015353852e+00
1.400548409422067930e+00
1.331003384094963105e+00
1.257943867945672256e+00
1.182053685835417811e+00
1.103992692848923207e+00
1.024391663794678609e+00
9.438480827640848281e-01
8.629228176075778300e-01
7.821376388553575865e-01
7.019735250471130783e-01
6.228696850662406304e-01
5.452232215871546384e-01
4.693893570493972711e-01
3.956821437690564713e-01
3.243755821473431888e-01
2.557050748354514624e-01
1.898691496768571407e-01
1.270313898828825117e-01
6.732251589595095176e-02
1.084256951675684547e-02
-4.233684306785016893e-02
-9.217028685786421427e-02
-1.386362441526607647e-01
-1.817348979459909308e-01
-2.214859745613864117e-01
-2.579266631353208661e-01
-2.911096256471468191e-01
-3.211011077245509715e-01
-3.479791574076644967e-01
-3.718319564139563882e-01
-3.927562661848176262e-01
-4.108559890854296404e-01
-4.262408435425017461e-01
-4.390251506093792999e-01
-4.493267284146675866e-01
-4.572658479814776245e-01
-4.629632775201120709e-01
-4.665357137225016881e-01
-4.680894710821109084e-01
-4.677139693178194446e-01
-4.654760192336593327e-01
-4.614154738148087964e-01
-4.555425007996526388e-01
-4.478365173672974042e-01
-4.382466844750079749e-01
-4.266937698570723025e-01
-4.130731405638795040e-01
-3.972586270182210111e-01
-3.791070021962985592e-01
-3.584628349924862678e-01
-3.351635431535037180e-01
-3.090454259830308081e-01
-2.799522162456618557e-01
-2.477451490281143420e-01
-2.123129058302755945e-01
-1.735804218744269045e-01
-1.315173770591708813e-01
-8.614860400626048187e-02
-3.756506143407520315e-02
1.406681392147272544e-02
6.849866156091341529e-02
1.253972409623671513e-01
1.843450608337356966e-01
2.448443661916062108e-01
3.063240551269642564e-01
3.681489879446472879e-01
4.296311083158451671e-01
4.900417995358186118e-01
5.486249337786348601e-01
6.046101268290871023e-01
6.572258390634608816e-01
7.057134081579183871e-01
7.493442504407693550e-01
7.874387160433877764e-01
8.193841518598652396e-01
8.446505600151279491e-01
8.628024201381812031e-01
8.735053438708382245e-01
8.765280069001303298e-01
8.717404140747148089e-01
8.591094079572847431e-01
8.386921790874899418e-01
8.106284037639497342e-01
7.751315203898911932e-01
7.324795565547984610e-01
6.830058343457496850e-01
6.270898093169365861e-01
5.651482376352462422e-01
4.976268148254814894e-01
4.249923870406391302e-01
3.477258240842839854e-01
2.663161266653966130e-01
1.812567199643808635e-01
9.304344525097260621e-02
2.173377323369096031e-03
-9.085611670205082091e-02
-1.855484297300880603e-01
-2.814090641719151908e-01
-3.779473486071976973e-01
-4.746785141038603051e-01
-5.711260739836099276e-01
-6.668244234204611098e-01
-7.613215632195871052e-01
-8.541818508379090957e-01
-9.453177145791390457e-01
-1.033987707828474933e+00
-1.119819750844043060e+00
-1.202459841410773667e+00
-1.281564758010610650e+00
-1.356793971892144679e+00
-1.427802385120188866e+00
-1.494234819523862612e+00
-1.555722686966152013e+00
-1.611882929119422769e+00
-1.662319088602052686e+00
-1.706624233988124129e+00
-1.744385385984179582e+00
-1.775189063044770865e+00
-1.798627567935978444e+00
-1.813976634593307269e+00
-1.821206662333103576e+00
-1.819968352324895955e+00
-1.809952189884771689e+00
-1.790903035972343460e+00
-1.763311661161091060e+00
-1.726359861435013521e+00
-1.680036167962868587e+00
-1.624432692183384486e+00
-1.559755963724607675e+00
-1.486334918069491362e+00
-1.404624891265657816e+00
-1.315207214067233954e+00
-1.218784499355742401e+00
-1.116172040644281438e+00
-1.008285930603070479e+00
-8.961286021753018805e-01
-7.807725186823585295e-01
-6.633427148731814160e-01
-5.449988346973158038e-01
-4.262400326155970087e-01
-3.089548672733686274e-01
-1.942985953878351435e-01
-8.338719387029502883e-02
2.272458250392116533e-02
1.230639196910461031e-01
2.167578558713928183e-01
3.030475027726816095e-01
3.812982026460244867e-01
4.510056060673417466e-01
5.117978994338914234e-01
5.634345663468445231e-01
6.058021558544881557e-01
6.389075701478053038e-01
6.628693884671809089e-01
6.779077234332488988e-01
6.843330981486742681e-01
6.825354237293944637e-01
6.729746067532464959e-01
6.561724884758806109e-01
6.327053032998194437e-01
6.031961657395537024e-01
5.683073475313074052e-01
5.287322787271806490e-01
4.851873182377808846e-01
4.384034059081120538e-01
3.891177420642881191e-01
3.380656510914372137e-01
2.859727803557607917e-01
2.335477702767414787e-01
1.814755098030442215e-01
1.304110379818432808e-01
8.097348883964525235e-02
3.373895042688944412e-02
-1.076713981989387697e-02
-5.170967345706363461e-02
-8.907093854900752228e-02
-1.225130633396066260e-01
-1.517680240387013491e-01
-1.766382173153248636e-01
-1.969954095467336130e-01
-2.127782541878858180e-01
-2.239886038177282823e-01
-2.306868567991609276e-01
-2.329865763341771590e-01
-2.310486068941527416e-01
-2.250748933256379591e-01
-2.153021842387281559e-01
-2.019957757191461756e-01
-1.854434255319174496e-01
-1.663168692912841418e-01
-1.445450304473306080e-01
-1.204506359517103220e-01
-9.435795484366195363e-02
-6.658870493315457995e-02
-3.745845182425075470e-02
-7.273498209975422235e-03
2.367174841411062713e-02
5.509694923841419734e-02
8.673757440103721517e-02
1.183462399337440601e-01
1.496936742395668096e-01
1.805693486828557348e-01
2.107818075925816936e-01
2.401587328620886919e-01
2.682177505897620495e-01
2.951704870402970804e-01
3.208994209875825065e-01
3.453044772918197891e-01
3.683022467855925908e-01
3.898251206522565515e-01
4.098203616190911336e-01
4.282491318969756655e-01
4.450854954587369905e-01
4.603154099950954592e-01
4.739357217471691919e-01
4.859530987146504222e-01
4.963811740610435397e-01
5.052328627701957453e-01
5.125094312483626791e-01
5.185181263400812091e-01
5.228576990166479144e-01
5.254333370825555738e-01
5.261045627754743492e-01
5.246833205234857633e-01
5.209539664007537541e-01
5.146180668616802123e-01
5.053591684488107916e-01
4.928293775058983917e-01
4.766572345737766225e-01
4.564562445328909090e-01
4.318337530213334219e-01
4.024015729576201350e-01
3.677911272811656973e-01
3.276713111566396108e-01
2.817661285655176373e-01
2.298701918109068987e-01
1.718613452721956536e-01
1.077105464859313272e-01
3.748858263312464245e-02
-3.864991862671946637e-02
-1.204084321689961184e-01
-2.074117541223390593e-01
-2.991923659004483427e-01
-3.951993689677238963e-01
-4.948092330401323569e-01
-5.973378185352364866e-01
-7.020531675067671618e-01
-8.081886073939632542e-01
-9.149557713519467228e-01
-1.021557202288428501e+00
-1.127198287084992812e+00
-1.231098678918120859e+00
-1.332503697647561491e+00
-1.430695274031369868e+00
-1.525001794378366693e+00
-1.614806520485447372e+00
-1.699556117627788687e+00
-1.778772274047322632e+00
-1.852064879371200457e+00
-1.919144097927250048e+00
-1.979829686409678491e+00
-2.034056709194746126e+00
-2.081877373484442906e+00
-2.123459094440407036e+00
-2.159079150893542298e+00
-2.189116439596540786e+00
-2.214040907639680977e+00
-2.234401260016841917e+00
-2.250811519088275592e+00
-2.263936967673542355e+00
-2.274479871774821138e+00
-2.283163649325394395e+00
-2.290712774083769609e+00
-2.297830253127313149e+00
-2.304895370495797735e+00
-2.312799822485461565e+00
-2.322060659285063444e+00
-2.333104097964742607e+00
-2.346257602108241969e+00
-2.361745947449506833e+00
-2.379690954005575065e+00
-2.400114428903604491e+00
-2.422943793882658348e+00
-2.448019849165457007e+00
-2.475106136841658699e+00
-2.503899401080110998e+00
-2.534040690969380893e+00
-2.565126708219299445e+00
-2.596721061636034555e+00
-2.628645432021045281e+00
-2.660134247069597446e+00
-2.690715398475840736e+00
-2.719923327469737195e+00
-2.747307090870195090e+00
-2.772853514025138910e+00
-2.795722973899184005e+00
-2.815545118322607010e+00
-2.831975164697741132e+00
-2.844684203701852709e+00
-2.853347911211641552e+00
-2.857636007979097670e+00
-2.857203842915276404e+00
-2.851686783132169278e+00
-2.840697610413307039e+00
-2.823826800050229568e+00
-2.800645354566851708e+00
-2.770709750543431049e+00
-2.733568507019959792e+00
-2.688769879700369625e+00
-2.635454140555213876e+00
-2.573632396305226777e+00
-2.502904248744713733e+00
-2.422913366334516816e+00
-2.333367347451183793e+00
-2.234212298198266389e+00
-2.125176868241677397e+00
-2.006266467542457743e+00
-1.877606794630461762e+00
-1.739445509052221395e+00
-1.592149358002562298e+00
-1.436197611650327666e+00
-1.272172624030876831e+00
-1.100748274717889608e+00
-9.226769703007995371e-01
-7.387758011310001649e-01
-5.499123631359739139e-01
-3.569906705283246162e-01
-1.609375055837495572e-01
3.731052195076027533e-02
2.369739384186441700e-01
4.369683715497276744e-01
6.363955052991827621e-01
8.343867239770468291e-01
1.030108363889896239e+00
1.222765646919445226e+00
1.411605679817366177e+00
1.595918958099017848e+00
1.775038080944979502e+00
1.948334532717752587e+00
2.115214916345439899e+00
2.275117527427505060e+00
2.427509765961466393e+00
2.571886605795334901e+00
2.707770153232062604e+00
2.835164574634425172e+00
2.953170431974259547e+00
3.061398895185154068e+00
3.159494641849121876e+00
3.247138531272104167e+00
3.324050312323544532e+00
3.389991239823054059e+00
3.444767301561916462e+00
3.488234415591519255e+00
3.520304764243480378e+00
3.540952879639782225e+00
3.550220587644081327e+00
3.548220375070810562e+00
3.535137080017375588e+00
3.511227829600290562e+00
3.476365867745625948e+00
3.431424205595597687e+00
3.376858637659902573e+00
3.313181355451364496e+00
3.240954135557036153e+00
3.160364850324080876e+00
3.072489832531999365e+00
2.977992818131796948e+00
2.877556234502534949e+00
2.771873588490305629e+00
2.661642222456724660e+00
2.547556542232818355e+00
2.430301730308304542e+00
2.310547883097176403e+00
2.188944665025772451e+00
2.066116599007997046e+00
1.942659102202141774e+00
1.819136258956357777e+00
1.696082019248239980e+00
1.574003915279116095e+00
1.453803775005304777e+00
1.335512087592660269e+00
1.219584887041240684e+00
1.106467256748128847e+00
9.965947564986156193e-01
8.903936742300282425e-01
7.882802291208022005e-01
6.906589051922469302e-01
5.979201185848251887e-01
5.104374254075576545e-01
4.285644670566258752e-01
3.526317889422947993e-01
2.829427189194057002e-01
2.197667373777087707e-01
1.633313171689214638e-01
1.140070932547314897e-01
7.171099732987132325e-02
3.650044262815899110e-02
8.361828593400982834e-03
-1.279708193911469408e-02
-2.715315954249152702e-02
-3.497130958699618680e-02
-3.660487394054315335e-02
-3.249301814221553647e-02
-2.315534479153651820e-02
-9.184128948673960305e-03
8.765347751246736416e-03
2.998586007524094849e-02
5.373020485314965178e-02
7.922360954582777226e-02
1.054829359194912330e-01
1.319187506532550624e-01
1.577474914619004798e-01
1.822105046122368122e-01
2.045902731253169682e-01
2.242258509239680730e-01
2.405262505602279999e-01
2.529810821079740979e-01
2.611681401696408500e-01
2.647579177641591341e-01
2.635152168516563531e-01
2.572981469012154965e-01
2.460548724130441345e-01
2.298185013293474466e-01
2.087005095874308047e-01
1.828830811127784006e-01
1.526106774364439367e-01
1.181803153651826699e-01
7.992936198885877697e-02
3.822183577875634675e-02
-6.565260714783062446e-03
-5.405455590244153535e-02
-1.038792614742425902e-01
-1.556921520811897774e-01
-2.091724772608667959e-01
-2.640308588618880958e-01
-3.200123247227623091e-01
-3.768976884265020644e-01
-4.345035154729052218e-01
-4.926809259930414187e-01
-5.513134792874596624e-01
-6.103143343339831883e-01
-6.696220601433743314e-01
-7.291938166869615934e-01
-7.889968223469889796e-01
-8.489995756052237663e-01
-9.091638441637812651e-01
-9.694388363851560442e-01
-1.029759309249706378e+00
-1.090046940780765805e+00
-1.150213577089751027e+00
-1.210165339622579328e+00
-1.269806899153312685e+00
-1.329045465306787577e+00
-1.387794220377355447e+00
-1.446478172609455326e+00
-1.504500291722004501e+00
-1.561806461734751128e+00
-1.618355084007227385e+00
-1.674117096263531224e+00
-1.729075502332280800e+00
-1.783224475235523965e+00
-1.836567294368431469e+00
-1.889111742147462802e+00
-1.940863797478904917e+00
-1.991821030576679696e+00
-2.041966626640619786e+00
-2.091264580652282046e+00
-2.139656326959376020e+00
-2.187058871506461166e+00
-2.232861247032770446e+00
-2.277461232948583714e+00
-2.320703624974106205e+00
-2.362414061397365206e+00
-2.402402501551831548e+00
-2.440360951403516943e+00
-2.476191713516346482e+00
-2.509679219316766741e+00
-2.540597854000942846e+00
-2.568703410281949928e+00
-2.593723622471304946e+00
-2.615349966080783517e+00
-2.633231957361228837e+00
-2.646974509524628871e+00
-2.656138434928283942e+00
-2.660243874903692074e+00
-2.658776251150916092e+00
-2.651194233059000815e+00
-2.636939179157333335e+00
-2.615445518889597309e+00
-2.586257772111925313e+00
-2.548717294078807427e+00
-2.502305141198686744e+00
-2.446548194621061434e+00
-2.381040546908021138e+00
-2.305967546639531296e+00
-2.220587970674576361e+00
-2.124809925759583606e+00
-2.018662898627532787e+00
-1.902292974022335770e+00
-1.775952993379241285e+00
-1.639989775705848807e+00
-1.494829945777141234e+00
-1.340965466673875728e+00
-1.178939628742817103e+00
-1.009333984557021946e+00
-8.327565224929517340e-01
-6.498312263372247877e-01
-4.611890637011103466e-01
-2.674603729095871296e-01
-6.876545389012887755e-02
1.337545880253101505e-01
3.395038208177909023e-01
5.478974449624928189e-01
7.583549692301438938e-01
9.703113847237536671e-01
1.183151265615329129e+00
1.396260978513734319e+00
1.608999298190138205e+00
1.820687828286112531e+00
2.030603224306063659e+00
2.237972471009714859e+00
2.441971733857313254e+00
2.641728802474808457e+00
2.836328817610384689e+00
3.024822777557444109e+00
3.206238220636103975e+00
3.379591449733643671e+00
3.543900681905879146e+00
3.698199554371930819e+00
3.841531335867145014e+00
3.973020239595827618e+00
4.091825347220694908e+00
4.197177100926609228e+00
4.288394931961349243e+00
4.365532277462740751e+00
4.427472014311572224e+00
4.473890149885215273e+00
4.504599122184661297e+00
4.519550537102878351e+00
4.518834286618496066e+00
4.502674435084560223e+00
4.471422346521421787e+00
4.425547562847746086e+00
4.365626944977837098e+00
4.292332566380286707e+00
4.206418904867483377e+00
4.108711906132914038e+00
4.000104072216240425e+00
3.881553904871239968e+00
3.753458021079572937e+00
3.617569290182538921e+00
3.475041151285550356e+00
3.327085915517499437e+00
3.174967184136558096e+00
3.020096120498757308e+00
2.863695434774185422e+00
2.707116193024755368e+00
2.551711627561759066e+00
2.398822677269664361e+00
2.249763652430676331e+00
2.105808342756228857e+00
1.968174742198090410e+00
1.838004859766146026e+00
1.716341784487171118e+00
1.604107607910947753e+00
1.502084538554650628e+00
1.410900518959882000e+00
1.331019915609256810e+00
1.262739331997450698e+00
1.206082051116944331e+00
1.161127152226563375e+00
1.127688055925286204e+00
1.105436157893569415e+00
1.093914640173642816e+00
1.092311888003759890e+00
1.100216564653968554e+00
1.116882331998713340e+00
1.141500007945156936e+00
1.173213896675429524e+00
1.211137369256702900e+00
1.254367448079732661e+00
1.301998213319917053e+00
1.353132907448720612e+00
1.406894664359908065e+00
1.462435832887816201e+00
1.518945798738773334e+00
1.575655001480179784e+00
1.631831107237025957e+00
1.686769531735741623e+00
1.740024120903769234e+00
1.790657851854800420e+00
1.837986507975444717e+00
1.881317805194143045e+00
1.919949056835836609e+00
1.953186998806962338e+00
1.980292665479632896e+00
2.000546425748452428e+00
2.013234948244609690e+00
2.017659504601413190e+00
2.013144898494618307e+00
1.999048671501208574e+00
1.974772535824557584e+00
1.939779810575486430e+00
1.893616489793128022e+00
1.835932018247614206e+00
1.766497214719100928e+00
1.685217883273036232e+00
1.592143449874502403e+00
1.487470521972706905e+00
1.371522497135336582e+00
1.244802493981446379e+00
1.107924673198334098e+00
9.616223642028747243e-01
8.067337749944983871e-01
6.444664635605328318e-01
4.755250176340078960e-01
3.009651349429238731e-01
1.218809141374899430e-01
-6.061149427249226673e-02
-2.453893734986387631e-01
-4.313378157062450202e-01
-6.173628073584435105e-01
-8.024029051977250582e-01
-9.854394357701063978e-01
-1.165505196065642179e+00
-1.341691758850038108e+00
-1.513157465795736734e+00
-1.679139748485941830e+00
-1.838970018157349839e+00
-1.992368251067227369e+00
-2.138599077243493518e+00
-2.277350914433630358e+00
-2.408444041129437441e+00
-2.531830375108737208e+00
-2.647918481787887135e+00
-2.756561834565662839e+00
-2.858071403624323104e+00
-2.952856283244153612e+00
-3.041410114864906866e+00
-3.124296617892689198e+00
-3.202134656711569605e+00
-3.275581254626892758e+00
-3.345309359759299106e+00
-3.411982512840710857e+00
-3.476229906950351722e+00
-3.538624073871380116e+00
-3.599661248303569039e+00
-3.659742802600986167e+00
-3.719159019271667699e+00
-3.777747981022133938e+00
-3.835892936032406553e+00
-3.893497844707978661e+00
-3.950337749229839268e+00
-4.006066257504679484e+00
-4.060226674787839940e+00
-4.112265982533845232e+00
-4.161550860046745903e+00
-4.207384985676985600e+00
-4.249026924480352463e+00
-4.285707996222708260e+00
-4.316649667607932450e+00
-4.341081321857316766e+00
-4.358260305649055866e+00
-4.367492867833885128e+00
-4.368395787944631792e+00
-4.360174668840745227e+00
-4.342390715141096535e+00
-4.314719402336448795e+00
-4.276962876357274013e+00
-4.229059090697951717e+00
-4.171086856731448300e+00
-4.103266572204637086e+00
-4.025956793709880799e+00
-3.939647076303779194e+00
-3.844947653358969042e+00
-3.742576600671089437e+00
-3.633345143177858283e+00
-3.518141737801324442e+00
-3.397915515313755019e+00
-3.273417615169133654e+00
-3.145923472618007199e+00
-3.016463820646448024e+00
-2.886060967506227648e+00
-2.755708727950873183e+00
-2.626595356566448825e+00
-2.499348096713025491e+00
-2.374771533126822209e+00
-2.253581801193694556e+00
-2.136399549763916994e+00
-2.023746091438026973e+00
-1.916042442916688682e+00
-1.813610884894089281e+00
-1.716678637146845876e+00
-1.625383239055207429e+00
-1.539779240270473526e+00
-1.459845739452340085e+00
-1.385492269144131150e+00
-1.316558932529290349e+00
-1.252812508482628040e+00
-1.193699800478659201e+00
-1.139082983271005434e+00
-1.088486632208806260e+00
-1.041355184531491451e+00
-9.970579953326441647e-01
-9.548971215803163659e-01
-9.141173955650305771e-01
-8.739182588851424072e-01
-8.334667999925440274e-01
-7.919114532114164273e-01
-7.483958602871250143e-01
-7.020725503362869047e-01
-6.521182390044251154e-01
-5.977542522492920174e-01
-5.382698819042452953e-01
-4.724165869750516777e-01
-4.003460552352989810e-01
-3.216711224839247096e-01
-2.361355517461273812e-01
-1.436136484299936900e-01
-4.410483199439378665e-02
6.227532404983451841e-02
1.753063797051306327e-01
2.946756953503336107e-01
4.199917413649433273e-01
5.507974883170754232e-01
6.865834582315295531e-01
8.268001334945106473e-01
9.708695135628530037e-01
1.118195684461561701e+00
1.267545866307361324e+00
1.418977280603431312e+00
1.571890172086928938e+00
1.725693609366625747e+00
1.879805160010234344e+00
2.034103712401085673e+00
2.187540649956872141e+00
2.339548959156834584e+00
2.489556589528606700e+00
2.636977055644005308e+00
2.781200481255498236e+00
2.921586778979893051e+00
3.057461827881688965e+00
3.188116929494106966e+00
3.312811431540764406e+00
3.430778161072771226e+00
3.541231167822426862e+00
3.643375215121158028e+00
3.736416446985181050e+00
3.819573688374360732e+00
3.891635517241842201e+00
3.952358556798559519e+00
4.001067703860927693e+00
4.037152036613818495e+00
4.060083327227140160e+00
4.069017723062898995e+00
4.064081028460496015e+00
4.045087990444593551e+00
4.011992392262369478e+00
3.964895625756676978e+00
3.904051574252069390e+00
3.829867226051266726e+00
3.742898974575882054e+00
3.643844916491990382e+00
3.533533678162519287e+00
3.412910418660761724e+00
3.283020702106613342e+00
3.144992924933675660e+00
3.000019941639592513e+00
2.849340468439945262e+00
2.694636838806613532e+00
2.536747207555411165e+00
2.376941075886998878e+00
2.216461131403920426e+00
2.056503880056824496e+00
1.898201606326714419e+00
1.742606732999296693e+00
1.590679169223365719e+00
1.443276883904167418e+00
1.301149692467288510e+00
1.164936075614084299e+00
1.035162740297276951e+00
9.122465708650266958e-01
7.964985902613808122e-01
6.881295479125622006e-01
5.878852239463602247e-01
4.951356925971421852e-01
4.098369371468044697e-01
3.318762544679634829e-01
2.610810460381038922e-01
1.972275065263686677e-01
1.400490488387196586e-01
8.924433816607191261e-02
4.448483818182880772e-02
5.421799806106264788e-03
-2.830735319432306496e-02
-5.707326702086785997e-02
-8.124953706979826107e-02
-1.012082173319666101e-01
-1.173159422580526134e-01
-1.305590932788438518e-01
-1.406225628162375840e-01
-1.478407802644561841e-01
-1.525326700691057580e-01
-1.550003307899143201e-01
-1.555280998185286923e-01
-1.543818920519545723e-01
-1.518072011819782130e-01
-1.480229736072914692e-01
-1.432127379494653185e-01
-1.375154605381979644e-01
-1.310177250406799609e-01
-1.237481343789753607e-01
-1.156743323210848717e-01
-1.067026951984447747e-01
-9.668051464833694875e-02
-8.540035104349386064e-02
-7.260616133348476997e-02
-5.800077628541876196e-02
-4.125430647132000139e-02
-2.201308292844666656e-02
9.115270928166524511e-05
2.543054476741112707e-02
5.436641112505766205e-02
8.723214568944015479e-02
1.236391919563520625e-01
1.645295337139555392e-01
2.100591473258010267e-01
2.603044087628637593e-01
3.152573103177149783e-01
3.748240464793922699e-01
4.388266267926579922e-01
5.070070798407286805e-01
5.790337702176417967e-01
6.545093449245598105e-01
7.329798456790458383e-01
8.139445604142774293e-01
8.968662341061380827e-01
9.811813110144171901e-01
1.066309933805347887e+00
1.152342680835140909e+00
1.237982162323711499e+00
1.322655899760668108e+00
1.405808865797149032e+00
1.486909855837523331e+00
1.565456931246175687e+00
1.640981937358061415e+00
1.713054120063247199e+00
1.781282881027061560e+00
1.845319724029803377e+00
1.904859453905689337e+00
1.959640695573841240e+00
2.009445804115516765e+00
2.054100238169211057e+00
2.093471468466706398e+00
2.127467491462920357e+00
2.156035031005871794e+00
2.179157857933827991e+00
2.196855928945587344e+00
2.209185066492245664e+00
2.216236642844080063e+00
2.218136930843965793e+00
2.215045943043435717e+00
2.207155693668247487e+00
2.194687894857588972e+00
2.177300988987620034e+00
2.155888505968463598e+00
2.130741315397439273e+00
2.102166762737633476e+00
2.070484841610420013e+00
2.036024368180595623e+00
1.999119226687101847e+00
1.960104391319555495e+00
1.919311140192055287e+00
1.877061838647324343e+00
1.833664910159683803e+00
1.789410397215573933e+00
1.744566340166069596e+00
1.699376075605041114e+00
1.654056466729153518e+00
1.609387177266757396e+00
1.564909004534754899e+00
1.520758698710821921e+00
1.477047270009812729e+00
1.433861617666602140e+00
1.391633823364157863e+00
1.350022069082274845e+00
1.309056005310560655e+00
1.268756386798856273e+00
1.229144778686235062e+00
1.190253564704980116e+00
1.152134893959243955e+00
1.114867781871855534e+00
1.078562997801983503e+00
1.043365663177361569e+00
1.009455679170592202e+00
9.770462254759976206e-01
9.463806402632655157e-01
9.177280205964934989e-01
8.913778840006483239e-01
8.672668879462602787e-01
8.460938352099529602e-01
8.281703016203358914e-01
8.137972039934320279e-01
8.032516128018972745e-01
7.964446319173830169e-01
7.939143212168779939e-01
7.957958667826310339e-01
8.021695739109059309e-01
8.130679234145666845e-01
8.284858360479547823e-01
8.483919358668610133e-01
8.727393642564694742e-01
9.014752614040859591e-01
9.345484434862999512e-01
9.719150959925191291e-01
1.013542503939686146e+00
1.059410970269658137e+00
1.109514151980070418e+00
1.163858083363084717e+00
1.222788194908926318e+00
1.285982046895652431e+00
1.353466647253147581e+00
1.425260389545923934e+00
1.501358642750291406e+00
1.581718878820147278e+00
1.666247412526804750e+00
1.754788959860282604e+00
1.847119593090137180e+00
1.942943228806547129e+00
2.041891486747368312e+00
2.143526567410645622e+00
2.247346687851742963e+00
2.352793565929617081e+00
2.459261436549953217e+00
2.566735564781578383e+00
2.673884389587501964e+00
2.780023601131045297e+00
2.884463521723176882e+00
2.986519340644057774e+00
3.085520687492290914e+00
3.180820374773271286e+00
3.271802190033484603e+00
3.357887661857277717e+00
3.438541762168981997e+00
3.513277539532294824e+00
3.581659746898845142e+00
3.643308474345791304e+00
3.697904541962914404e+00
3.745195847424794611e+00
3.784374743055406665e+00
3.816000934559100610e+00
3.840050712993773541e+00
3.856580633423599025e+00
3.865725847081184163e+00
3.867976839696180669e+00
3.863318657394700484e+00
3.852095561164615489e+00
3.834707760663014664e+00
3.811603290013634737e+00
3.783269499148993464e+00
3.750224378929613245e+00
3.713006977567980371e+00
3.672165400993836482e+00
3.628243426103392011e+00
3.581767390305591992e+00
3.533234491198191218e+00
3.483104093636641529e+00
3.431794033707460834e+00
3.379681098978218667e+00
3.326823751614405467e+00
3.273822061158676799e+00
3.220951370881851794e+00
3.168462807896011313e+00
3.116587538672749069e+00
3.065037278334576065e+00
3.014543060955684695e+00
2.965293746114582518e+00
2.917468531188788017e+00
2.871237861921569490e+00
2.826763834023481969e+00
2.784200142017709823e+00
2.743690704819664816e+00
2.705365363556094138e+00
2.669333610983398941e+00
2.635677970436797857e+00
2.604448091194937032e+00
2.575656182233135638e+00
2.549274084832119591e+00
2.525232058738033469e+00
2.503922319550953901e+00
2.484665062917960743e+00
2.467275264482114316e+00
2.451535776137792499e+00
2.437202144076702659e+00
2.424288184475321906e+00
2.412215910689631926e+00
2.400692249187860838e+00
2.389418707509084250e+00
2.378096607142511587e+00
2.366431955932925213e+00
2.354139879062226104e+00
2.340948552541142647e+00
2.326602605144231894e+00
2.310865973697096898e+00
2.293524212592383371e+00
2.274386271493938239e+00
2.253285765581990674e+00
2.230081770637009519e+00
2.204659181020472758e+00
2.176648390248917764e+00
2.146280520020106053e+00
2.113515607889564052e+00
2.078337467032613795e+00
2.040752510900623928e+00
2.000788401239438130e+00
1.958492587493552151e+00
1.913931441017916013e+00
1.867191186409342230e+00
1.818380055232208470e+00
1.767630622729540413e+00
1.715101656930039020e+00
1.660979105305973480e+00
1.605476055289713155e+00
1.548831650854827435e+00
1.491309043515049337e+00
1.433192514849629839e+00
1.374783938812929041e+00
1.316398763319968745e+00
1.258361687908081672e+00
1.201002202274211950e+00
1.144650103618694015e+00
1.089630451489773222e+00
1.036256894610062540e+00
9.848240558895531294e-01
9.356001022539661705e-01
8.888202898522553630e-01
8.446831724306136380e-01
8.033518858689959741e-01
7.649593887684189575e-01
7.296155528009314883e-01
6.974146344243518092e-01
6.684421881383232344e-01
6.427808708491098422e-01
6.205148676058285240e-01
6.021872361020448317e-01
5.874144312825210212e-01
5.762988214721238567e-01
5.689484075414801278e-01
5.654752477471006733e-01
5.659932478118947508e-01
5.706154647314760631e-01
5.794498412206965376e-01
5.925913104192658265e-01
6.101115570171879998e-01
6.320485723738372696e-01
6.583974091547548646e-01
6.891029497772053203e-01
7.240550750437043659e-01
7.630863183402591954e-01
8.055175168151516019e-01
8.515470098965292056e-01
9.008423950767815436e-01
9.530254648934359807e-01
1.007678674689268306e+00
1.064352351912130734e+00
1.122572331965787651e+00
1.181847741929866302e+00
1.241678693599105543e+00
1.301563688387310069e+00
1.361006576672520785e+00
1.419522951750061601e+00
1.476645892833845952e+00
1.531931002009242704e+00
1.584960706483153459e+00
1.635347819897065236e+00
1.682738325510888089e+00
1.726812272184295782e+00
1.767280830882261622e+00
1.803880588243151450e+00
1.836366945312857712e+00
1.864507859693830483e+00
1.888078662163991339e+00
1.906858314300130530e+00
1.920627219226452187e+00
1.929166527215099070e+00
1.932258770716487550e+00
1.929689603055906311e+00
1.921250388591571934e+00
1.906741389540577591e+00
1.885975308202154865e+00
1.858781016553699983e+00
1.825008421541171266e+00
1.784536301292446225e+00
1.737281959639261464e+00
1.683316985630563867e+00
1.622551362498308780e+00
1.555071084842045259e+00
1.481034824222714485e+00
1.400682652431577857e+00
1.314342848648067275e+00
1.222435720095703893e+00
1.125474000049969003e+00
1.024059823300912830e+00
9.188785646425521314e-01
8.106899982714986796e-01
7.003173249037052406e-01
5.886346423449932974e-01
4.765534223783404744e-01
3.650085161733862549e-01
2.548379587526261036e-01
1.470934804662484829e-01
4.269618335484824667e-02
-5.746822372141782709e-02
-1.525675001377390094e-01
-2.418400212923602077e-01
-3.246096023331778713e-01
-4.002972157313366974e-01
-4.684292670317693474e-01
-5.286424081560130439e-01
-5.806850811436570226e-01
-6.244161212062161459e-01
-6.598008256407295047e-01
-6.869049297796068210e-01
-7.058869347858409693e-01
-7.166218877855010660e-01
-7.198129565557067622e-01
-7.158385327948133536e-01
-7.051257998815854133e-01
-6.881348822872209725e-01
-6.653430236006895315e-01
-6.372299710897134650e-01
-6.042652708455170663e-01
-5.668978305578746824e-01
-5.255478591359402651e-01
-4.806011213430305129e-01
-4.324053333469582983e-01
-3.812684572035692221e-01
-3.274586173465063865e-01
-2.712053511210298362e-01
-2.130692375839820796e-01
-1.528236920215602368e-01
-9.060130525636991838e-02
-2.651388786937963066e-02
3.933781860161722488e-02
1.073955619455133070e-01
1.769816446871151361e-01
2.479737551118002259e-01
3.202268537496729128e-01
3.935679862792486050e-01
4.677929092345406437e-01
5.426646024140073798e-01
6.179135752000535220e-01
6.932397687809954689e-01
7.683157968310065922e-01
8.427912411656808267e-01
9.162977165619978770e-01
9.884544328021003246e-01
1.058874006317519934e+00
1.127168304229214879e+00
1.192412722168795902e+00
1.254804361751210795e+00
1.313984539090039316e+00
1.369615581946972860e+00
1.421386082307206644e+00
1.469015618086333852e+00
1.512258686437419453e+00
1.550907713754676731e+00
1.584795097096938665e+00
1.613794295386562938e+00
1.637820032089947864e+00
1.656827698790272363e+00
1.670812064864414914e+00
1.679805405378762995e+00
1.683875159718470460e+00
1.683121229257022122e+00
1.677673096498339733e+00
1.667688727146341643e+00
1.653358612728942578e+00
1.634913330843345225e+00
1.612631696673664683e+00
1.586847611649478740e+00
1.557954542978906121e+00
1.526407159054792739e+00
1.492720054561824439e+00
1.457744051121164786e+00
1.421804260699278011e+00
1.385563003750177380e+00
1.349714403168234877e+00
1.314973888312920280e+00
1.282067243562364567e+00
1.251719523040649484e+00
1.224642307604397740e+00
1.201516312900616112e+00
1.182971266705814539e+00
1.169566209080205699e+00
1.161772273698009394e+00
1.159959124284566823e+00
1.164385579290991846e+00
1.175194506791233051e+00
1.192131484342144443e+00
1.215402988639915804e+00
1.244810952754211719e+00
1.280056782912970981e+00
1.320751501893216107e+00
1.366707560671589050e+00
1.417095705108077031e+00
1.471330945819118607e+00
1.528796844968970836e+00
1.588868847556204500e+00
1.650937587234238890e+00
1.714430015438141774e+00
1.778827094343995441e+00
1.843677442798936195e+00
1.908606783553062236e+00
1.973323353231264399e+00
2.037619638275947942e+00
2.101370918312623903e+00
2.164531155027146436e+00
2.227126776990899781e+00
2.288968610200680764e+00
2.350498547737159161e+00
2.411906895793496819e+00
2.473411172430635130e+00
2.535235625702260798e+00
2.597590538940254046e+00
2.660653475368283782e+00
2.724553725097573320e+00
2.789360571151008550e+00
2.855075533771409546e+00
2.921628440600716470e+00
2.988876969633190939e+00
3.056609194441148425e+00
3.124548605093219855e+00
3.192361066170677830e+00
3.259663191884631495e+00
3.326031657133311725e+00
3.391013014518709845e+00
3.454133644950931448e+00
3.514909529166099666e+00
3.572855586169584541e+00
3.627494380160672272e+00
3.678364048516963081e+00
3.725025349108629591e+00
3.767067765195511786e+00
3.804114640371159872e+00
3.835827334406228584e+00
3.861908189897540478e+00
3.882101941685919488e+00
3.896195838269726597e+00
3.904018916700985997e+00
3.905440748484605429e+00
3.900369872849087649e+00
3.888752059947489403e+00
3.870568493730182080e+00
3.846027165406517678e+00
3.814971131709232743e+00
3.777477267594594679e+00
3.733650501705543689e+00
3.683622011909579275e+00
3.627547427595738228e+00
3.565605044016773917e+00
3.497994279459350153e+00
3.424934784304559443e+00
3.346665989967916754e+00
3.263446725718308628e+00
3.175554601421075596e+00
3.083283586565748191e+00
2.986937211497120437e+00
2.886818689077569999e+00
2.783027045557972645e+00
2.676037181682200838e+00
2.566091161479862492e+00
2.453396200876522215e+00
2.338121012875770788e+00
2.220761703835984591e+00
2.101021012414521216e+00
1.978952244454203591e+00
1.854575244682761026e+00
1.727881084280308954e+00
1.598837451130115106e+00
1.467394505736472565e+00
1.333492375987821665e+00
1.197072584632425940e+00
1.058091924799831940e+00
9.165363449682421004e-01
7.724332428373190673e-01
6.258612446062348234e-01
4.769570367991359250e-01
3.259191633981921576e-01
1.726416086184708321e-01
1.783345080834498539e-02
-1.381266830729122597e-01
-2.948086187311333983e-01
-4.517376872350641337e-01
-6.084027359391275258e-01
-7.642647229847361334e-01
-9.187655626984331247e-01
-1.071336935728529838e+00
-1.221408825534637588e+00
-1.368417589512756161e+00
-1.511813416994630899e+00
-1.651067066572545539e+00
-1.785675811077358732e+00
-1.915168549815486454e+00
-2.039110074328257305e+00
-2.157104496125184845e+00
-2.268797862829482259e+00
-2.373880003302961228e+00
-2.472085652974571168e+00
-2.563194918186739724e+00
-2.647033143301142033e+00
-2.723470246962348185e+00
-2.792419594674039551e+00
-2.853836474040430282e+00
-2.908045263919977863e+00
-2.954732884556626527e+00
-2.993969070496273588e+00
-3.025856604023276830e+00
-3.050528699821848377e+00
-3.068146321359569662e+00
-3.078895468156960025e+00
-3.082984468368199948e+00
-3.080641306500674581e+00
-3.072111011708967609e+00
-3.057653127959878425e+00
-3.037539215153353567e+00
-3.012048825929476426e+00
-2.981461219242042660e+00
-2.946044239629077133e+00
-2.905713846424259561e+00
-2.861028401098815621e+00
-2.812158157560709082e+00
-2.759227294694135857e+00
-2.702311421619274512e+00
-2.641070331672235483e+00
-2.575871688848929697e+00
-2.506653609710368880e+00
-2.433318047489443359e+00
-2.355737542183146793e+00
-2.273762631294133918e+00
-2.187229637082987566e+00
-2.095970093519937461e+00
-1.999824306489100589e+00
-1.898657420112509486e+00
-1.792375325128600316e+00
-1.680938664450422726e+00
-1.564373933606802769e+00
-1.442781212084546238e+00
-1.316338440895169937e+00
-1.185669744864071173e+00
-1.050722145606667768e+00
-9.119027463664380884e-01
-7.696845368178868441e-01
-6.245983162171766523e-01
-4.772235068330609176e-01
-3.281782787299379889e-01
-1.781093604014943876e-01
-2.768185811110391095e-02
1.224306462686431118e-01
2.715555010114807377e-01
4.190297249125337631e-01
5.642079581359102924e-01
7.064695394528461847e-01
8.452246607911255705e-01
9.801998621360701325e-01
1.110586690841349977e+00
1.235916186219488067e+00
1.355765562781813482e+00
1.469759897090012313e+00
1.577573064359990784e+00
1.678927993806341057e+00
1.773596315002359702e+00
1.861397468688494206e+00
1.942197354868600900e+00
2.015906589031944307e+00
2.082478434237394538e+00
2.141906472866664579e+00
2.194222077332537602e+00
2.239491734119086974e+00
2.277533988194638148e+00
2.308772233594468481e+00
2.333360754329795395e+00
2.351477718314072707e+00
2.363322402796879551e+00
2.369044598414220992e+00
2.368949262383658549e+00
2.363283003964525175e+00
2.352303365824860215e+00
2.336276580019028160e+00
2.315475462830959952e+00
2.290177452657426116e+00
2.260662792888089800e+00
2.227212859827006675e+00
2.190108634074268146e+00
2.149629312425438421e+00
2.106051098396029886e+00
2.059647134367351029e+00
2.010690265804508048e+00
1.959457754710250743e+00
1.906304284364921608e+00
1.851459192200813675e+00
1.795240784629063002e+00
1.737986514220470458e+00
1.680053297211445917e+00
1.621816404348955132e+00
1.563667104604137048e+00
1.506009289935316353e+00
1.449255328748069394e+00
1.393821394665238245e+00
1.340122502380623137e+00
1.288567416660906240e+00
1.239552646357870103e+00
1.193453976665542537e+00
1.150616535109750371e+00
1.111886441507570211e+00
1.076949505113360850e+00
1.046007266010271053e+00
1.019201026897451623e+00
9.966094831075268390e-01
9.782484160713948995e-01
9.640722379083436211e-01
9.539771174061471015e-01
9.478053918943242229e-01
9.453509664227802700e-01
9.463654142399061664e-01
9.505645706888516955e-01
9.576366549768962066e-01
9.672539407061695460e-01
9.790866572965175596e-01
9.922755449622473467e-01
1.007097244079915521e+00
1.023292004419951606e+00
1.040642951084922441e+00
1.058981253343096007e+00
1.078188733645870423e+00
1.098198163080037482e+00
1.118991565632582841e+00
1.140596888832644762e+00
1.163083404234053875e+00
1.186556186874017760e+00
1.211149939995870062e+00
1.237021182475507519e+00
1.264336822536050953e+00
1.293260472397730787e+00
1.324480110457399551e+00
1.357542948344928169e+00
1.392528399944850337e+00
1.429470568363470750e+00
1.468355577885152696e+00
1.509121629301335421e+00
1.551661149274469853e+00
1.595824490015802510e+00
1.641424716192025901e+00
1.688243090512092870e+00
1.736034937250534149e+00
1.784535623774824886e+00
1.833466453972785182e+00
1.882540314530747327e+00
1.931466955640971594e+00
1.979416407649049026e+00
2.026676068750151494e+00
2.072971380767858918e+00
2.118039073154765362e+00
2.161627750667546088e+00
2.203497850669767999e+00
2.243421367694927504e+00
2.281181361140077968e+00
2.316570972474872647e+00
2.349392222618577719e+00
2.379454969257075003e+00
2.406576239614850454e+00
2.430580029987684743e+00
2.451297579234139157e+00
2.468568069529321285e+00
2.482239676181982713e+00
2.492170873066891890e+00
2.498231896451676537e+00
2.500306274021797392e+00
2.498292334930059866e+00
2.492104628620941398e+00
2.481675203677947916e+00
2.466954935738860044e+00
2.447915282935825054e+00
2.424550236113715229e+00
2.396810185222210343e+00
2.364810507919183902e+00
2.328621315654822777e+00
2.288339258063418313e+00
2.244087061845032594e+00
2.196012506979115209e+00
2.144286909439796496e+00
2.089103192667725040e+00
2.030673635204886196e+00
1.969227381365269203e+00
1.905007797354638654e+00
1.838269829683048640e+00
1.769279302486254313e+00
1.698317487639589896e+00
1.625689302341189135e+00
1.551800081410594334e+00
1.476955960736333839e+00
1.401580221386362624e+00
1.326144152807872789e+00
1.251166685808858148e+00
1.176795257948822115e+00
1.104070551778321141e+00
1.033626052661657191e+00
9.661184787278116470e-01
9.022181477723779652e-01
8.425988594066999848e-01
7.879276098985535937e-01
7.388526125689791613e-01
6.959866302075770061e-01
6.598875361339709977e-01
6.310392565255636965e-01
6.098351520350321353e-01
5.965650127809221104e-01
5.914062004059890132e-01
5.944190200915181466e-01
6.059621717660808038e-01
6.254255827786759925e-01
6.525295973852363041e-01
6.868943774258436941e-01
7.280503459532796651e-01
7.754499859327486089e-01
8.284804595911812175e-01
8.864760587937918768e-01
9.487291568455477053e-01
1.014499818487222260e+00
1.083024657467053009e+00
1.153525291804742281e+00
1.225216561306441854e+00
1.297314548523154976e+00
1.369044367341922364e+00
1.439647640313743926e+00
1.508389566951076510e+00
1.574565483080095918e+00
1.637506820193436852e+00
1.696586389319683086e+00
1.751222933031419293e+00
1.800884932873087596e+00
1.845094191250915783e+00
1.883430127908497731e+00
1.915534325366857527e+00
1.941114501789747537e+00
1.959947399499980314e+00
1.971880325896451680e+00
1.976831261663317907e+00
1.974787574601207130e+00
1.965803458801698600e+00
1.949996268392665488e+00
1.927541940813364718e+00
1.898669712961645661e+00
1.863656329644066245e+00
1.822819931487546619e+00
1.776513689983516331e+00
1.725116999859936051e+00
1.669020257693729192e+00
1.608605449835734946e+00
1.544226368388165627e+00
1.476190950150015890e+00
1.404747167825743492e+00
1.330073136107919662e+00
1.252271559932536249e+00
1.171822664547428339e+00
1.088199354339045577e+00
1.001284688806540757e+00
9.109000639571699365e-01
8.168147557243656820e-01
7.187566695041002207e-01
6.164238514449241757e-01
5.094986221073247723e-01
3.976680263941508864e-01
2.806481522080586655e-01
1.582083254112184312e-01
3.019247081142846512e-02
-1.034659124402478592e-01
-2.427394420995730440e-01
-3.875115077104391292e-01
-5.380407632174842858e-01
-6.935870540865578526e-01
-8.538376138017691463e-01
-1.018441306635119670e+00
-1.187021407993537725e+00
-1.359186897926885074e+00
-1.534542037720786345e+00
-1.712694169612569262e+00
-1.893259795930368306e+00
-2.075869069230691366e+00
-2.260168869542817482e+00
-2.445824577934080146e+00
-2.632518711897469998e+00
-2.819943049153944337e+00
-3.007786270412396767e+00
-3.195720542819147081e+00
-3.383389253828813725e+00
-3.570395957782380947e+00
-3.756292968080779282e+00
-3.940570925363648946e+00
-4.122651228987844974e+00
-4.301882308345319927e+00
-4.477540025878125718e+00
-4.648832043569610661e+00
-4.814905694170723116e+00
-4.974858733806646782e+00
-5.127752279536601066e+00
-5.272625227083760358e+00
-5.408509479582420454e+00
-5.534445381976336620e+00
-5.649496835735732247e+00
-5.752765711308679641e+00
-5.843406477617051564e+00
-5.920643007484759579e+00
-5.983786225174789308e+00
-6.032250456202387312e+00
-6.065567108948870967e+00
-6.083394938580402922e+00
-6.085526594539174994e+00
-6.071891470566948001e+00
-6.042555090929537798e+00
-5.997715402483827063e+00
-5.937696418899113482e+00
-5.862939696187734917e+00
-5.773994119948903325e+00
-5.671504463971885457e+00
-5.556199144517562694e+00
-5.428877550399526797e+00
-5.290397280217383980e+00
-5.141661567937458877e+00
-4.983607128764115934e+00
-4.817192610493478355e+00
-4.643387792341232334e+00
-4.463163634218314080e+00
-4.277483244904917825e+00
-4.087013525408443648e+00
-3.892973682264209589e+00
-3.696257967824757351e+00
-3.497726290863741205e+00
-3.298199907762926486e+00
-3.098457961730992416e+00
-2.899234812901106295e+00
-2.701218097056485412e+00
-2.505047447755557322e+00
-2.311313815434280716e+00
-2.120559317342268546e+00
-1.933277472185170875e+00
-1.749911887433981406e+00
-1.570850063828908016e+00
-1.396413955001409635e+00
-1.227130499018071585e+00
-1.062867836354438822e+00
-9.037009120472395685e-01
-7.496132603730393251e-01
-6.004977771858541757e-01
-4.561604446359280862e-01
-3.163266223975695901e-01
-1.806494296660136056e-01
-4.871970850324566088e-02
7.992293518322607371e-02
2.057784846157387493e-01
3.293746005241878216e-01
4.512529402141997048e-01
5.719507345034205992e-01
6.919795580852331485e-01
8.121717894334186116e-01
9.325408729150710396e-01
1.053408889826320971e+00
1.175010829526274669e+00
1.297492070313832624e+00
1.420910105412977575e+00
1.545239412129301604e+00
1.670378549459156980e+00
1.796158733194502144e+00
1.922353279808871385e+00
2.048687433080422338e+00
2.174848192417408121e+00
2.300493851039693283e+00
2.425263027283010686e+00
2.548783034967036620e+00
2.670310164145899279e+00
2.789857772830286020e+00
2.907059844489138900e+00
3.021561166457230385e+00
3.133017734283381373e+00
3.241202364595690000e+00
3.345679695890076744e+00
3.446135695219353590e+00
3.542265669374984771e+00
3.633775025833933192e+00
3.720380595075608365e+00
3.801812380231207378e+00
3.877815594060566529e+00
3.948152848166591955e+00
4.012606371325139420e+00
4.070980149948132620e+00
4.123101901881685016e+00
4.168824813433877452e+00
4.208028987656487807e+00
4.240622568756848842e+00
4.266436328767468034e+00
4.285548272532328618e+00
4.297953598458579272e+00
4.303676271583725566e+00
4.302768079651150046e+00
4.295239489183191317e+00
4.281265450447982346e+00
4.260972789534645422e+00
4.234510189848230688e+00
4.202046469095934711e+00
4.163768835856879846e+00
4.119881144942190154e+00
4.070602165650546667e+00
4.016163873539863260e+00
3.956809773992121748e+00
3.892793264288921584e+00
3.824375964183849952e+00
3.751824282431879265e+00
3.675401179160972198e+00
3.595354701746948489e+00
3.511973967150398224e+00
3.425371349811107802e+00
3.335685338994743621e+00
3.243003587279447153e+00
3.147360565796390119e+00
3.048737995651690014e+00
2.947067722641853571e+00
2.842236614975848674e+00
2.734093028767618616e+00
2.622454387970955203e+00
2.507115452166093217e+00
2.387856963702853719e+00
2.264456078713822151e+00
2.136701348491895747e+00
2.004410454556301069e+00
1.867989166818837088e+00
1.726793928576597636e+00
1.580825211011009035e+00
1.430158975282929346e+00
1.274943014300738309e+00
1.115389238937103400e+00
9.517637759722803459e-01
7.843762048190463521e-01
6.135688454863059693e-01
4.397066958257752622e-01
2.631683811096579562e-01
8.433830651157443736e-02
-9.639992058114832396e-02
-2.786688173516214118e-01
-4.621011772947735685e-01
-6.468845725712476513e-01
-8.321106684582875168e-01
-1.017457735606741354e+00
-1.202614344315895201e+00
-1.387271232499244444e+00
-1.571112337191811648e+00
-1.753806611852616770e+00
-1.935002106234823716e+00
-2.114323713195416232e+00
-2.291374231036482190e+00
-2.465737794885844103e+00
-2.636984885896955788e+00
-2.804678284809001720e+00
-2.968379470880486704e+00
-3.127655080954545141e+00
-3.282238077448783820e+00
-3.431560556545045770e+00
-3.575240501629528111e+00
-3.712922784139415455e+00
-3.844282963585409441e+00
-3.969030344732326299e+00
-4.086910278824603893e+00
-4.197705203590278877e+00
-4.301233528495245650e+00
-4.397346903756261582e+00
-4.485926787747334998e+00
-4.566881021140337893e+00
-4.640142826702897239e+00
-4.705676014245197436e+00
-4.763484631473804853e+00
-4.813468871331578747e+00
-4.855907926587729406e+00
-4.890986055680848210e+00
-4.918960818663419943e+00
-4.940164685367764541e+00
-4.955003650732137110e+00
-4.963953161512847601e+00
-4.967551771980758701e+00
-4.966392999450624401e+00
-4.961115860838478220e+00
-4.952394552252524562e+00
-4.940927606368377134e+00
-4.927424863037003888e+00
-4.912588999678046520e+00
-4.897093727977655853e+00
-4.882239320299159857e+00
-4.867866030699390834e+00
-4.854443273399976277e+00
-4.842343637822544622e+00
-4.831836087261417667e+00
-4.823083394382921441e+00
-4.816143392766602638e+00
-4.810973501861973034e+00
-4.807437927120268739e+00
-4.805316928868736071e+00
-4.804317578084143392e+00
-4.804085463316734916e+00
-4.804216872045605768e+00
-4.804271035304203963e+00
-4.803782091810287369e+00
-4.801593290127619262e+00
-4.797934919306340085e+00
-4.792329256854999109e+00
-4.784313961145851835e+00
-4.773449621017907596e+00
-4.759916334096801371e+00
-4.742717421210697282e+00
-4.721517843370147460e+00
-4.696024492411689621e+00
-4.665988375080347694e+00
-4.631205898814449107e+00
-4.591519344103594413e+00
-4.546816612308109740e+00
-4.497030339164536983e+00
-4.442136463338248298e+00
-4.382152336758655231e+00
-4.317134459476441144e+00
-4.247175916760877357e+00
-4.172403590408718443e+00
-4.092975210021254640e+00
-4.008486144101033766e+00
-3.919767881924490993e+00
-3.827050717212100661e+00
-3.730583553897561355e+00
-3.630630914924422470e+00
-3.527102725462009758e+00
-3.420672985293236046e+00
-3.311638035660396273e+00
-3.200310856263858916e+00
-3.087032263320462544e+00
-2.972182965839581303e+00
-2.856194052572995190e+00
-2.739554527051684119e+00
-2.622815256523681526e+00
-2.506589220067780843e+00
-2.391548285895933823e+00
-2.278416961097710747e+00
-2.167963673058952878e+00
-2.060990187416922303e+00
-1.958319763667713431e+00
-1.861151938968670372e+00
-1.769928354847287055e+00
-1.685459376692260758e+00
-1.608515446782504466e+00
-1.539802598152473667e+00
-1.479938395923460881e+00
-1.429430938538466478e+00
-1.388663532105581577e+00
-1.357887704336321555e+00
-1.337223639903314387e+00
-1.326665951628056561e+00
-1.326093092601422274e+00
-1.335279084561313390e+00
-1.353906540307404649e+00
-1.381580203780754745e+00
-1.417840430119276185e+00
-1.462176187497916890e+00
-1.514037289606118941e+00
-1.572845667873139508e+00
-1.638005570788979348e+00
-1.708912637881877528e+00
-1.784961791946948928e+00
-1.865552839977631550e+00
-1.950091842554496413e+00
-2.037989348113600219e+00
-2.128657384532214536e+00
-2.221506472622711392e+00
-2.315943419235658940e+00
-2.411370282315216329e+00
-2.507184644277965724e+00
-2.602781157724683325e+00
-2.697554218192529163e+00
-2.790901556133233985e+00
-2.882228511760363876e+00
-2.970952751866218655e+00
-3.055967784758618855e+00
-3.137300760872519856e+00
-3.214436732665534091e+00
-3.286902430849667933e+00
-3.354282032995116847e+00
-3.416233006331464761e+00
-3.472499847971406872e+00
-3.522924483748511637e+00
-3.567452762788922538e+00
-3.606136957667538834e+00
-3.639134496864242507e+00
-3.666703355103132722e+00
-3.689194638136475746e+00
-3.707042945396503697e+00
-3.720755095296343740e+00
-3.731439182958302681e+00
-3.739138781215849860e+00
-3.744500376534809050e+00
-3.748181212250592864e+00
-3.750825256239373573e+00
-3.752846131064052848e+00
-3.754995639729876711e+00
-3.757744634590886257e+00
-3.761470177325180853e+00
-3.766441519966950313e+00
-3.772810197406752053e+00
-3.780604817530243800e+00
-3.789730576366403980e+00
-3.799973156637557636e+00
-3.811006442067061073e+00
-3.822403359537475342e+00
-3.833649117451160215e+00
-3.844156118605825512e+00
-3.853279871937396628e+00
-3.860335296161705898e+00
-3.864806127616636111e+00
-3.865770661311558776e+00
-3.862518057569172214e+00
-3.854361625327352492e+00
-3.840656490327824635e+00
-3.820796876888895355e+00
-3.794288736458468314e+00
-3.760702685695827441e+00
-3.719706712234652102e+00
-3.671077692299275164e+00
-3.614710299202260835e+00
-3.550622412781273773e+00
-3.478956711046410355e+00
-3.399978517855624549e+00
-3.314070236641966982e+00
-3.221722853873456138e+00
-3.123525073836518562e+00
-3.020150669595216275e+00
-2.912344620054010402e+00
-2.800908562654514711e+00
-2.686705184776966959e+00
-2.570585155263707122e+00
-2.453431384366028478e+00
-2.336121190679065762e+00
-2.219507553612450224e+00
-2.104401206241534261e+00
-1.991554753773768116e+00
-1.881647372071948654e+00
-1.775266604027240902e+00
-1.672889254338180809e+00
-1.574864689023664610e+00
-1.481402510871258293e+00
-1.392565537411154075e+00
-1.308268277836756255e+00
-1.228280615991012237e+00
-1.152739214581482097e+00
-1.080623778455360062e+00
-1.011335849961324307e+00
-9.441850622899485845e-01
-8.784077287985423421e-01
-8.131860373159598421e-01
-7.476673057799880784e-01
-6.809849315275319226e-01
-6.122844005759744412e-01
-5.407520521856854501e-01
-4.656428843510260762e-01
-3.863050537417546670e-01
-3.022014297579743713e-01
-2.129306279061276841e-01
-1.182458650528841748e-01
-1.756602602115513168e-02
8.848026260889788053e-02
1.996164523487607700e-01
3.153913251077629654e-01
4.351887291419038739e-01
5.578258659501804662e-01
6.828414421611171958e-01
8.092231967384079239e-01
9.358694253447149558e-01
1.061612219859516815e+00
1.185240787931809425e+00
1.305524275144365198e+00
1.421235291418082802e+00
1.531176764648030320e+00
1.634210233634848519e+00
1.729282588764341710e+00
1.815449353260650156e+00
1.891894089176134219e+00
1.957944635017248247e+00
2.013085547199402470e+00
2.057382025705723372e+00
2.090212813981215945e+00
2.111561755299826260e+00
2.121572880096184832e+00
2.120541036783310407e+00
2.108744670448304603e+00
2.086904299928956874e+00
2.055684912188926461e+00
2.015842499106033081e+00
1.968206688608020505e+00
1.913663474711456258e+00
1.853138418025636280e+00
1.787579973429694657e+00
1.717942027014903061e+00
1.645166431375388205e+00
1.570166729829383989e+00
1.493813835608838625e+00
1.416924088211928501e+00
1.340249857340023887e+00
1.264472685434889776e+00
1.190353775391845836e+00
1.118258753520359416e+00
1.048638899619305009e+00
9.818689579534701783e-01
9.182498458135801567e-01
8.574222981178605263e-01
8.001730876492700872e-01
7.466060498632530740e-01
6.967705826559122961e-01
6.506674852877507575e-01
6.082548502881899299e-01
5.694538789412406654e-01
5.341545154906247594e-01
5.022208177061061596e-01
4.734960016919642634e-01
4.478071166991271501e-01
4.249693110158109244e-01
4.047894390060471914e-01
3.870685940875364661e-01
3.716037847781871184e-01
3.587792997987196975e-01
3.477661255368984516e-01
3.383571118918101139e-01
3.303450947342601030e-01
3.235239662944386918e-01
3.176898286476522726e-01
3.126422136653674855e-01
3.081853407742954354e-01
3.041293784310344916e-01
3.002916743776360420e-01
2.964979219654330089e-01
2.925832441800189643e-01
2.883934064407972508e-01
2.837865512416143376e-01
2.786352300759574185e-01
2.728283512658711274e-01
2.662726959415179784e-01
2.588915267680825250e-01
2.506161334423477882e-01
2.413724302587162140e-01
2.310663748202724244e-01
2.195706960299326216e-01
2.067143846557722986e-01
1.922756543151916964e-01
1.759785591959686923e-01
1.574931046735714435e-01
1.364384662404518056e-01
1.123888075567616440e-01
8.488113375782203873e-02
5.342461094929340515e-02
1.751081126625345444e-02
-2.337550523489244358e-02
-6.974316127003847565e-02
-1.220751474831588551e-01
-1.808054310221227923e-01
-2.462959467668130731e-01
-3.188162700151736528e-01
-3.985252902807939757e-01
-4.854517736579911924e-01
-5.794759068729617990e-01
-6.803150356294582757e-01
-7.875153571734800906e-01
-9.004502160002207933e-01
-1.018324892380224389e+00
-1.140187281475412151e+00
-1.265620772656558923e+00
-1.392696584086097644e+00
-1.520101026698481794e+00
-1.646445117809357761e+00
-1.770289804871837402e+00
-1.890171209217233805e+00
-2.004625258108046815e+00
-2.112213279987829928e+00
-2.211551898745385714e+00
-2.301344914849885903e+00
-2.380413470867320136e+00
-2.447722116938682468e+00
-2.502399672690883037e+00
-2.543754726171595593e+00
-2.571285529255134428e+00
-2.584007050826133245e+00
-2.582517223831065856e+00
-2.566886402734327444e+00
-2.537362270380607132e+00
-2.494356733177703234e+00
-2.438759335731083056e+00
-2.370915452745403051e+00
-2.291630415505002460e+00
-2.201803256509909268e+00
-2.102407732003268137e+00
-1.994473793278443097e+00
-1.879069849418135263e+00
-1.757285862964311107e+00
-1.630217073064288424e+00
-1.498948700621481223e+00
-1.364542096646941260e+00
-1.228022616690733759e+00
-1.090369359248889225e+00
-9.525067980252707178e-01
-8.152982595370530383e-01
-6.792121157703292500e-01
-5.453230264633883717e-01
-4.142875852549786075e-01
-2.866911129790243873e-01
-1.630482814121542168e-01
-4.380465995749638353e-02
7.066097761325004778e-02
1.800337381581903762e-01
2.840592247525043357e-01
3.825398077513583184e-01
4.753306619000751132e-01
5.623356658885489967e-01
6.435032470737349630e-01
7.188222411765661235e-01
7.883178247668778393e-01
8.514574079450298871e-01
9.089484223818604658e-01
9.609004976029780210e-01
1.007444926216354286e+00
1.048731478683105678e+00
1.084925444961122087e+00
1.116204906104449890e+00
1.142758234863427313e+00
1.164781821036210641e+00
1.182478014693708612e+00
1.196053278361115968e+00
1.205716475120118147e+00
1.211675844216469233e+00
1.214132134141770791e+00
1.213269181986605272e+00
1.209834380603258541e+00
1.203328616404733209e+00
1.193834050748591391e+00
1.181387241531903332e+00
1.165977615222679287e+00
1.147828547128368237e+00
1.126544582013334184e+00
1.101987072497379039e+00
1.073984181335281285e+00
1.042337615758965441e+00
1.006829917644943784e+00
9.672320489925900766e-01
9.233124298159166576e-01
8.748497128061443195e-01
8.216478062661821680e-01
7.635507076847869445e-01
7.004556206956848996e-01
6.323250091918448668e-01
5.591999158899132460e-01
4.812130493212106175e-01
3.983190113742405281e-01
3.111565262087608863e-01
2.201795035715355398e-01
1.259506155165323049e-01
2.913500100453411679e-02
-6.983853237838669181e-02
-1.697856458439112037e-01
-2.698037050009818305e-01
-3.689404891501594230e-01
-4.662108582260562351e-01
-5.606135281002830872e-01
-6.511475204105550141e-01
-7.368294416710164940e-01
-8.167140135905546217e-01
-8.899161879324729574e-01
-9.556321696767542395e-01
-1.013157611340456565e+00
-1.061901939121256300e+00
-1.101398274628232699e+00
-1.131308982026073551e+00
-1.151098153828636672e+00
-1.161033981550139371e+00
-1.161161065813765436e+00
-1.151640142318543614e+00
-1.132738632593874861e+00
-1.104191343356590860e+00
-1.067107201743330069e+00
-1.022003743511113560e+00
-9.694580051757526462e-01
-9.100942928730080261e-01
-8.445723686281505493e-01
-7.735762537587722587e-01
-6.978038646232360698e-01
-6.179577029529177423e-01
-5.347366097716994560e-01
-4.488285139830286985e-01
-3.609041528516820918e-01
-2.716125481433828703e-01
-1.815796535820207447e-01
-9.140936879782216029e-02
-2.313995350115800181e-03
8.580219757588392060e-02
1.723881408503949442e-01
2.569084336779994260e-01
3.388433736298141485e-01
4.171866943655678783e-01
4.919829937536482900e-01
5.627661837408357570e-01
6.290930187459473633e-01
6.905458502553767364e-01
7.467354493007588578e-01
7.973037918818904890e-01
8.419275233760933341e-01
8.803234699442741285e-01
9.122553669977221391e-01
9.375404191002500998e-01
9.560547815584834463e-01
9.677372217985331648e-01
9.725903256769306005e-01
9.706794359911502523e-01
9.626329216665890920e-01
9.481021242620087941e-01
9.273198792749796082e-01
9.005637110965893921e-01
8.681496571972594500e-01
8.306191845447408184e-01
7.881430075872739582e-01
7.411155706357558381e-01
6.899452924178547386e-01
6.350491356683587441e-01
5.768476111364682080e-01
5.157602629446392806e-01
4.522018889539743403e-01
3.865799117988625300e-01
3.192926814765043586e-01
2.507283191940859468e-01
1.812638359962083223e-01
1.112643596690974235e-01
4.108237520623037042e-02
-2.894306574881042385e-02
-9.868041542793919152e-02
-1.676165962123523923e-01
-2.354584576114206462e-01
-3.019296814635223924e-01
-3.667715857381299016e-01
