0.000000000000000000e+00
0.000000000000000000e+00
0.000000000000000000e+00
-4.002015971813817352e-02
-1.098232907279356851e+00
-5.325721169181248271e+00
-1.361599517585483099e+01
-2.655062418860448759e+01
-3.984831271235123040e+01
-4.642505677238121820e+01
-4.372380467451183961e+01
-3.309801731629501376e+01
-1.634571227815843386e+01
1.887392817452347327e+00
1.466379771438042035e+01
1.716415182519915916e+01
1.139259322078047632e+01
3.562510037700157284e+00
-2.038704795130191982e+00
-4.448856726153946006e+00
-4.427151715742033922e+00
-2.285245069996958200e+00
2.785993420816469168e+00
8.055297334947667309e+00
7.522413938932454691e+00
4.326306469462454229e-01
-9.043010117835974526e+00
-1.637382068770751786e+01
-1.773562789617592017e+01
-1.050203760942263287e+01
8.444591111438899400e-01
6.752481758262565137e+00
4.615661043834382582e+00
-3.281323817156672762e-01
-2.348010139609494118e+00
-5.338626448249901291e-01
2.542545453259676069e+00
4.697528344508900666e+00
5.248678192471709636e+00
3.039212081462590476e+00
-4.491203494893370340e+00
-1.482539291618723709e+01
-2.143313564276334660e+01
-2.301769188791458021e+01
-2.465056546834784612e+01
-2.763464284729417386e+01
-2.829683032043664781e+01
-2.277002405184556721e+01
-8.192492404744912804e+00
1.138345006013108751e+01
2.779492306929753198e+01
3.529492117795311401e+01
3.194221627642334127e+01
2.122996849995306690e+01
9.399855965466864305e+00
1.367289931743948639e+00
-1.673454509087272113e-01
2.146261305437454858e+00
1.943321021604562215e+00
-2.396385640968380137e+00
-8.222305261173946889e+00
-1.419965052783576098e+01
-1.964820971276543560e+01
-2.419596125116117236e+01
-2.657483727725816891e+01
-2.339885650768377445e+01
-1.081894145404534591e+01
8.787954651767471148e+00
2.942488695696675904e+01
4.332654969973505388e+01
4.321728287552065240e+01
3.085340543194855556e+01
1.650223937902886462e+01
1.089983637060939081e+01
1.438004011539802107e+01
1.939831774095054584e+01
1.863481574561615162e+01
7.182791523363282415e+00
-1.086834626608457199e+01
-2.598125244434788783e+01
-3.445950637734905797e+01
-4.034113663558105145e+01
-4.367476644306948685e+01
-3.885589629751351026e+01
-2.682154772272346221e+01
-1.574528574524879154e+01
-9.712036954792225174e+00
-5.015096235800818647e+00
4.870799356255970380e+00
1.959956613779648649e+01
3.371930034484913108e+01
4.061324244557374641e+01
3.468569163539486055e+01
1.970890300153174479e+01
6.331267307323276583e+00
-1.804644807755864111e-01
-1.598076290914169029e+00
-1.037268908640553766e+00
1.058133608230529266e+00
7.021756590993237346e+00
1.535096996224166510e+01
2.115439268030531750e+01
2.187413244587857974e+01
1.859015897773203108e+01
1.415403512521276319e+01
1.024249610040021885e+01
7.979336123153152549e+00
9.566291667404735577e+00
1.547258939459677762e+01
2.519038094105069803e+01
3.475471046545901999e+01
3.862874275069397356e+01
3.598014625267794031e+01
3.084766637118458021e+01
2.652679562773426625e+01
2.432585060150762857e+01
2.300849504568922299e+01
2.017801303014448422e+01
1.516637155876269105e+01
9.572271311500141877e+00
6.095976172930571479e+00
6.178612941060748653e+00
1.035138086125684609e+01
1.610906119407325576e+01
1.924639193250925828e+01
1.707480976805918260e+01
8.583798317263575228e+00
-2.030699017262099559e+00
-7.130860068353623404e+00
-5.043865166710314263e+00
7.336334824089163487e-01
8.031944091997775814e+00
1.442832575269210338e+01
1.680984048162595101e+01
1.471839852487401856e+01
1.172049780050959455e+01
1.342918194554813383e+01
1.940583876275524489e+01
2.566606937182836390e+01
3.227803188509681576e+01
3.786945042018043495e+01
3.857038647058482184e+01
3.299461407397977553e+01
2.272005308850121352e+01
9.765682374493056983e+00
-5.412429186269026360e+00
-1.985646897063798733e+01
-2.885086884711981270e+01
-3.062411377368362864e+01
-2.666851051615213919e+01
-1.842257259265155156e+01
-5.457345747406758818e+00
9.184882730966016595e+00
1.980337049861006093e+01
2.364373780021801963e+01
2.167160494385374037e+01
1.647795108902292682e+01
1.128621824761937376e+01
9.411271305611062843e+00
1.065332042741743024e+01
1.307655273079061331e+01
1.708676637110205832e+01
2.179886005629384726e+01
2.473612494638155468e+01
2.408252171346008197e+01
1.933941690407688441e+01
1.210504590887302356e+01
6.470306374540224503e+00
7.569945538483759506e+00
1.409888126761207161e+01
1.931187271379975101e+01
1.842205465537261233e+01
1.208315086873671618e+01
2.100851638452312375e+00
-1.284922541700522913e+01
-3.113101807966106804e+01
-4.904467769594312898e+01
-6.012207097355305052e+01
-5.718971133709639076e+01
-4.173239192682785870e+01
-2.208414792683855055e+01
-5.228839717341986493e+00
7.566511498850429618e+00
1.988108649422870045e+01
3.189509519300232654e+01
4.042496021703821185e+01
4.297393672199309833e+01
3.921536217726034579e+01
3.093332800410538752e+01
1.929541383238864682e+01
3.384404279391757253e+00
-1.492550508341235194e+01
-3.215282284051440342e+01
-4.446665153326609499e+01
-4.948299121996222993e+01
-4.888184479757411793e+01
-4.798767957194691292e+01
-4.760481072159502958e+01
-4.401585716646437163e+01
-3.567882352737737506e+01
-2.442712574187395802e+01
-1.507023584777404501e+01
-1.401523211703559468e+01
-2.088096787344620253e+01
-3.018647305137837122e+01
-3.629425620305363509e+01
-3.756248008594297971e+01
-3.821172862670813686e+01
-3.833031799546319007e+01
-3.265469445764185252e+01
-2.157021279846852124e+01
-1.186566088415714049e+01
-4.958000587165360074e+00
5.064516717996315975e+00
1.692785592140947770e+01
2.119394155101549515e+01
1.607804364592859514e+01
8.873866982084013699e+00
4.652929728797891684e+00
3.254640430723833688e+00
2.783456850663858173e+00
1.675478645952605650e+00
-2.154417750090187766e+00
-1.208176406501267763e+01
-2.340057968432946467e+01
-2.459384015752856101e+01
-1.419560453203437334e+01
-9.290266565077329730e-01
8.261674004144211381e+00
1.196406074809889120e+01
1.161183001741899545e+01
7.905946025846688485e+00
-2.567688900441090216e-01
-9.244247528605413322e+00
-1.115816602138484370e+01
-4.916912148077892120e+00
3.782297633868977993e+00
9.284998173750949491e+00
8.504059160349560997e+00
2.814903546031678250e+00
