0.000000000000000000e+00
0.000000000000000000e+00
0.000000000000000000e+00
0.000000000000000000e+00
0.000000000000000000e+00
0.000000000000000000e+00
0.000000000000000000e+00
0.000000000000000000e+00
0.000000000000000000e+00
0.000000000000000000e+00
0.000000000000000000e+00
0.000000000000000000e+00
0.000000000000000000e+00
0.000000000000000000e+00
0.000000000000000000e+00
0.000000000000000000e+00
0.000000000000000000e+00
0.000000000000000000e+00
0.000000000000000000e+00
0.000000000000000000e+00
0.000000000000000000e+00
-1.086150028476579426e-07
-3.253540402211773144e-06
-2.486266605337764327e-05
-1.072577742028771477e-04
-3.347790633031997600e-04
-8.470489270406391172e-04
-1.848900247874125848e-03
-3.616294734011897636e-03
-6.498112648349863713e-03
-1.091406447698530652e-02
-1.734920377493925220e-02
-2.634564513657334031e-02
-3.849214068975495562e-02
-5.441216509355228242e-02
-7.475112000029460191e-02
-1.001630988689910379e-01
-1.312951943728490611e-01
-1.687653757592481041e-01
-2.131365109779797540e-01
-2.648907562064571897e-01
-3.244070092532530536e-01
-3.919414953453326800e-01
-4.676095596410807520e-01
-5.513701639326734627e-01
-6.430152244767710634e-01
-7.421648240365830151e-01
-8.482685043982970408e-01
-9.606122926597678857e-01
-1.078330768542513418e+00
-1.200423287696246177e+00
-1.325773395544784128e+00
-1.453170464904874892e+00
-1.581332643038540375e+00
-1.708930280579655125e+00
-1.834609121285807998e+00
-1.957012712962128198e+00
-2.074805064898206375e+00
-2.186695828564451105e+00
-2.291466357101032081e+00
-2.387994045979966451e+00
-2.475273284079010594e+00
-2.552432093369383814e+00
-2.618744080404512786e+00
-2.673635708158476287e+00
-2.716689158441262908e+00
-2.747641222094274749e+00
-2.766378749684194727e+00
-2.772931237987137365e+00
-2.767461131841352451e+00
-2.750252398441840551e+00
-2.721697890784070317e+00
-2.682285965589777721e+00
-2.632586763847628131e+00
-2.573238502920018433e+00
-2.504934070787000699e+00
-2.428408157364258635e+00
-2.344425106235846989e+00
-2.253767623371395246e+00
-2.157226437855356060e+00
-2.055590973460052151e+00
-1.949641058953159645e+00
-1.840139679104861425e+00
-1.727826747112315209e+00
-1.613413862189782666e+00
-1.497580002949836731e+00
-1.380968097481703349e+00
-1.264182404279508010e+00
-1.147786633965496517e+00
-1.032302739695394767e+00
-9.182103038592674960e-01
-8.059464711883903565e-01
-6.959068487774795475e-01
-5.884481648975835588e-01
-4.838921815865732112e-01
-3.825300219991164541e-01
-2.846263509928495528e-01
-1.904230714105377142e-01
-1.001423603911878457e-01
-1.398898386500666002e-02
6.784809556689881671e-02
1.451947529045229945e-01
2.178912841028973202e-01
2.857924318810750597e-01
3.487677444761182466e-01
4.067021622427480221e-01
4.594967574429013046e-01
5.070700325330927960e-01
5.493605636359290001e-01
5.863304886493084789e-01
6.179690142161123889e-01
6.442954008525303422e-01
6.653611157472117954e-01
6.812510094561752272e-01
6.920834900264645206e-01
6.980097473519810691e-01
6.992121309156117404e-01
6.959018127732629067e-01
6.883158804459715840e-01
6.767140058308396267e-01
6.613748298434707351e-01
6.425921696576680775e-01
6.206706727451948291e-01
5.959201576508705855e-01
5.686491656840133579e-01
5.391585699307277491e-01
5.077357999531356691e-01
4.746500074606635478e-01
4.401483287955070822e-01
4.044532802031853280e-01
3.677612402141222647e-01
3.302419209393438471e-01
2.920386994193366892e-01
2.532696656033720517e-01
2.140292405494554351e-01
1.743902234929091966e-01
1.344061581315159626e-01
9.411439017324713108e-02
5.354057166474770341e-02
1.270408273363898832e-02
-2.837648134319814552e-02
-6.967843077937735385e-02
-1.111735344559083571e-01
-1.528345367396674592e-01
-1.946474223815562454e-01
-2.366254085872354085e-01
-2.788219809469757449e-01
-3.213413759530828750e-01
-3.643456983736766408e-01
-4.080584143815982889e-01
-4.527643353645859903e-01
-4.988064461633605062e-01
-5.465800695595198766e-01
-5.965249233383316252e-01
-6.491156384333607310e-01
-7.048512829796802492e-01
-7.642442815469630002e-01
-8.278066735158177147e-01
-8.960297116186919375e-01
-9.693593595731194723e-01
-1.048171904486977724e+00
-1.132752447015316744e+00
-1.223277858842597432e+00
-1.319804946981148364e+00
-1.422263965824792642e+00
-1.530457212998477035e+00
-1.644062187384604634e+00
-1.762638640280555391e+00
-1.885638784147839919e+00
-2.012419914829374878e+00
-2.142258734514374652e+00
-2.274366720318139468e+00
-2.407905956628301425e+00
-2.542004930510409544e+00
-2.675773872728228753e+00
-2.808319308239325629e+00
-2.938757556590038789e+00
-3.066226992670816109e+00
-3.189898940779820613e+00
-3.308987129427104268e+00
-3.422755680759540731e+00
-3.530525647162307212e+00
-3.631680138963758964e+00
-3.725668111835080065e+00
-3.812006901106049117e+00
-3.890283603517055599e+00
-3.960155415598611839e+00
-4.021349042594099643e+00
-4.073659293262147152e+00
-4.116946974606642051e+00
-4.151136197125186555e+00
-4.176211217344081739e+00
-4.192213406075234516e+00
-4.199239291687890230e+00
-4.197439319063005492e+00
-4.187016618395029255e+00
-4.168225342633487429e+00
-4.141368343426738541e+00
-4.106794104606159124e+00
-4.064892953795965269e+00
-4.016092638085887678e+00
-3.960853387969906159e+00
-3.899662612141578055e+00
-3.833029369902744232e+00
-3.761478762286901922e+00
-3.685546370905175451e+00
-3.605772836239064194e+00
-3.522698181115968996e+00
-3.436855098479273174e+00
-3.348761705285772106e+00
-3.258914585766379712e+00
-3.167782767629161889e+00
-3.075805426569635070e+00
-2.983397821204121225e+00
-2.890963214737952924e+00
-2.798906735497844078e+00
-2.707648467438712458e+00
-2.617634149323749160e+00
-2.529342648466541554e+00
-2.443289929259806037e+00
-2.360029612465038173e+00
-2.280150461764828052e+00
-2.204271273820587851e+00
-2.133033714185931906e+00
-2.067093655135491481e+00
-2.007111549228811853e+00
-1.953742218218417648e+00
-1.907621992848830050e+00
-1.869349197295565368e+00
-1.839460530943124006e+00
-1.818407557897391502e+00
-1.806536084096452166e+00
-1.804070497304534726e+00
-1.811104664010009024e+00
-1.827599078523930665e+00
-1.853383216856235638e+00
-1.888162063609284624e+00
-1.931525852306146929e+00
-1.982962150487818764e+00
-2.041869521707546209e+00
-2.107572100655107583e+00
-2.179334520313480628e+00
-2.256376727971532770e+00
-2.337888317892031331e+00
-2.423042091127138864e+00
-2.511006626699014088e+00
-2.600957691603734467e+00
-2.692087904579543167e+00
-2.783613747381413539e+00
-2.874780356986510910e+00
-2.964864902058770735e+00
-3.053179099070127300e+00
-3.139071223329117366e+00
-3.221927827024432034e+00
-3.301175276808598902e+00
-3.376281156743039968e+00
-3.446755540167893983e+00
-3.512152109641042408e+00
-3.572069092378688637e+00
-3.626149975678437443e+00
-3.674805913922021716e+00
-3.717011879975927080e+00
-3.752546530915342071e+00
-3.781216168927633348e+00
-3.802833702295666640e+00
-3.817196275290610785e+00
-3.824065239306353448e+00
-3.823150567185839233e+00
-3.814100687847863380e+00
-3.796497937263718647e+00
-3.769859303009776674e+00
-3.733641818061252504e+00
-3.687251783765325364e+00
-3.630056931637058337e+00
-3.561400637298779870e+00
-3.479895408983749938e+00
-3.385642822816313569e+00
-3.278009270308095857e+00
-3.156416590894980612e+00
-3.020376256499948564e+00
-2.869084595202383348e+00
-2.702790943325737771e+00
-2.521458125176565535e+00
-2.325242523071909595e+00
-2.114504509673047039e+00
-1.889811697742054708e+00
-1.651935265328942304e+00
-1.401840041386921420e+00
-1.140669286736371024e+00
-8.697252249583495853e-01
-5.904464039831391897e-01
-3.043829305009724262e-01
-1.317053793865688091e-02
2.814956585924153210e-01
5.778869877013349532e-01
8.738274912128340954e-01
1.168055926531694322e+00
1.458884754069727396e+00
1.744684127069730195e+00
2.023901657312374702e+00
2.295079922433371777e+00
2.556871189176480819e+00
2.808049104133145679e+00
3.047517307383233565e+00
3.274315070024375274e+00
3.487620156247402736e+00
3.686749174522335082e+00
3.871155718864458084e+00
4.040426616748210797e+00
4.194276600420645984e+00
4.332541707449695245e+00
4.455171589132152832e+00
4.562218497180048793e+00
4.653818817051395662e+00
4.730169615356920154e+00
4.791504364560497109e+00
4.838070590864445464e+00
4.870111048589699898e+00
4.887849200144939843e+00
4.891479202974084117e+00
4.881160215981005024e+00
4.857014591779980073e+00
4.819129381148135494e+00
4.767560513454903059e+00
4.702339009105267920e+00
4.623478609742093681e+00
4.530984374405002235e+00
4.424864242389134006e+00
4.305147513690972261e+00
4.171907646925831159e+00
4.025143416383288653e+00
3.865231643763639369e+00
3.692502571685706059e+00
3.507400130603010258e+00
3.310487390929633289e+00
3.102447014748215715e+00
2.884077219794140667e+00
2.656283918139703548e+00
2.420069760346860832e+00
2.176520825893330624e+00
1.926791670380454402e+00
1.672089383254793393e+00
1.413657237054311899e+00
1.152758428406363000e+00
8.906603279331719580e-01
6.287612828744757465e-01
3.681442243134898096e-01
1.100045878282584488e-01
-1.445103361412078957e-01
-3.943109982623885235e-01
-6.383736696541189026e-01
-8.757470184079305664e-01
-1.105557228696103511e+00
-1.327011732764867391e+00
-1.539401644949340842e+00
-1.742103000333087959e+00
-1.934576909510092202e+00
-2.116368745769792614e+00
-2.287106482558667775e+00
-2.446498297869278638e+00
-2.594471266711354307e+00
-2.730735242396614915e+00
-2.855219348073045893e+00
-2.967918162774950464e+00
-3.068887240716536624e+00
-3.158238480037600215e+00
-3.236135411048418398e+00
-3.302788465796390405e+00
-3.358450282782995622e+00
-3.403411093009157895e+00
-3.437994226304494028e+00
-3.462551616863723147e+00
-3.477455815095266800e+00
-3.483082360090766993e+00
-3.479785714950673459e+00
-3.467732687531130509e+00
-3.447313008384227828e+00
-3.418681830784861653e+00
-3.381898115093818546e+00
-3.336919510306464609e+00
-3.284324881011684738e+00
-3.223116029483977130e+00
-3.152971259709212326e+00
-3.073496408413225467e+00
-2.984240134406554112e+00
-2.884710635096931153e+00
-2.774393157196251458e+00
-2.652771138542982854e+00
-2.519356577014044696e+00
-2.373725981634550397e+00
-2.215555935505231222e+00
-2.044654382638623424e+00
-1.860985883940005525e+00
-1.664690662714862768e+00
-1.456096809728269381e+00
-1.235003310876288563e+00
-1.002881911850219243e+00
-7.606249888670433279e-01
-5.092937973108828675e-01
-2.501004293649277122e-01
1.561348352928866590e-02
2.864002832614148120e-01
5.607310526990305632e-01
8.370207846626533943e-01
1.113653218318906513e+00
1.389004733238891731e+00
1.661466834611105892e+00
1.929467346348380685e+00
2.191490902505721650e+00
2.446098120847332247e+00
2.691942586123640346e+00
2.927785266616997895e+00
3.152509630303023780e+00
3.365143577982775192e+00
3.564885103336285610e+00
3.751126256822908900e+00
3.923472016470156642e+00
4.081752281419177564e+00
4.226026349344789601e+00
4.356580023703685356e+00
4.473916007114710602e+00
4.578738541538678319e+00
4.671933408543362809e+00
4.754544446433410343e+00
4.827747708586418440e+00
4.892824304537705338e+00
4.951132698349860917e+00
5.004077743130174838e+00
5.053070947679611180e+00
5.099485690479424349e+00
5.144471694458756517e+00
5.189348604494622208e+00
5.235131118022379404e+00
5.282645353817009060e+00
5.332499347504517928e+00
5.385060815946518531e+00
5.440444006629053142e+00
5.498506115847227704e+00
5.558852860172175170e+00
5.620852214491833365e+00
5.683655003406382633e+00
5.746220885065469020e+00
5.807348246075411780e+00
5.865706592870321145e+00
5.919870148250064190e+00
5.968493226340630287e+00
6.009910525286920269e+00
6.042611365039058491e+00
6.065128614386609662e+00
6.076079146806275588e+00
6.073480027398361791e+00
6.056985578684114024e+00
6.025673791239357868e+00
5.978841035969599815e+00
5.916034151018331855e+00
5.837076649515237747e+00
5.742086072125430540e+00
5.631481242026789680e+00
5.505979380365346287e+00
5.366583833173580231e+00
5.214563646600063329e+00
5.051426485759273888e+00
4.878886486307310477e+00
4.698828605966496319e+00
4.513270943514830158e+00
4.325048288427376875e+00
4.135570123414662902e+00
3.947024024003246367e+00
3.761565614689998505e+00
3.581266578186153904e+00
3.407923097537339352e+00
3.243444653466236005e+00
3.089377598413337367e+00
2.947026650431717520e+00
2.817435311972426248e+00
2.701375075643341450e+00
2.599343062915747460e+00
2.511567302842201421e+00
2.438018600257692015e+00
2.378427819215886529e+00
2.332307380179038603e+00
2.298975809535275694e+00
2.277584264791189916e+00
2.267144071053428078e+00
2.266554431223529065e+00
2.274771312047856320e+00
2.290400944146808726e+00
2.312165292715822940e+00
2.338777007605581382e+00
2.368962725301668293e+00
2.401484232492824056e+00
2.435156891823539560e+00
2.468864546472651966e+00
2.501569962374488032e+00
2.532321319227790468e+00
2.560255704949743194e+00
2.584600364273516693e+00
2.604672273890713541e+00
2.619876479091274302e+00
2.629703521509235475e+00
2.634745146323795417e+00
2.633580085116135727e+00
2.625936890249392697e+00
2.611614275036221677e+00
2.590476731783444286e+00
2.562450077671391213e+00
2.527517000082578846e+00
2.485713130706443508e+00
2.437124538176962396e+00
2.381886222417709753e+00
2.320180851059511440e+00
2.252237313616766823e+00
2.178330333929874740e+00
2.098783675293734774e+00
2.013975554319775263e+00
1.923324964104448087e+00
1.828405826201890516e+00
1.729781366698542655e+00
1.628078093305335372e+00
1.523981742542756201e+00
1.418089176636531334e+00
1.311332636278808250e+00
1.204529488323025532e+00
1.098520950705923038e+00
9.941606958689324092e-01
8.923033087674985264e-01
7.937928955810017451e-01
6.994506328177293453e-01
6.100588477762389772e-01
5.263431888661769253e-01
4.489554373389430530e-01
3.784585974228925065e-01
3.153147125100675963e-01
2.598749641041053215e-01
2.123725428637011081e-01
1.730605784337654884e-01
1.417792685164560862e-01
1.183993655916558974e-01
1.026786529525796493e-01
9.427049113342719777e-02
9.273435008181862838e-02
9.754779709694530454e-02
1.081194333378777406e-01
1.238023142397621512e-01
1.439074434838029659e-01
1.677169903021337727e-01
1.944969628407397511e-01
2.235095984070619990e-01
2.540261559350334153e-01
2.853395465905071426e-01
3.160540013965235095e-01
3.462990649461950010e-01
3.754956309060702990e-01
4.031300097796486903e-01
4.287669630213517546e-01
4.520613570787116453e-01
4.727670343537426767e-01
4.907422095924534045e-01
5.059512012580215101e-01
5.184626467349350287e-01
5.284445667552305492e-01
5.361567692772484239e-01
5.419411407174770101e-01
5.462103821738776288e-01
5.494357250260183401e-01
5.528560598336342835e-01
5.562610770775678892e-01
5.602207803838001876e-01
5.653055772152540959e-01
5.720662757473506943e-01
5.810146268284092086e-01
5.926061095106239796e-01
6.072259319590828097e-01
6.251786916943665728e-01
6.466817662907702324e-01
6.718622524625006420e-01
7.007571095048671372e-01
7.333160696152158931e-01
7.694068346844838979e-01
8.088220725362480490e-01
8.512877442197104294e-01
8.964723079598653221e-01
9.439959227761649529e-01
9.934384573703656240e-01
1.044346463039529160e+00
1.096239659171740488e+00
1.148617255762084621e+00
1.200964263053664549e+00
1.252757821658545989e+00
1.303473512865783279e+00
1.352591566885332552e+00
1.399602867584945898e+00
1.444014648942112622e+00
1.485355785662965111e+00
1.523181594217197343e+00
1.557078077933171212e+00
1.586665589951896216e+00
1.611602374658180459e+00
1.631588833989358056e+00
1.646372080119978376e+00
1.655750011398862576e+00
1.659574498671984699e+00
1.657754945911663835e+00
1.650264792280799142e+00
1.637149611320699361e+00
1.618534491342814352e+00
1.594629271746596189e+00
1.565730912785535445e+00
1.532222770889883678e+00
1.494570886446301206e+00
1.454336543650415647e+00
1.411057154094271127e+00
1.365402798578527976e+00
1.318089284700715957e+00
1.269865899275958165e+00
1.221502888673873910e+00
1.173778993373808976e+00
1.127467853389031882e+00
1.083320899333517051e+00
1.042048308433775050e+00
1.004300594984859796e+00
9.706525088474760032e-01
9.415901918368831947e-01
9.175020168044518698e-01
8.986731640234438823e-01
8.842647997723922515e-01
8.754258937030252596e-01
8.721303948183851684e-01
8.742589322195100099e-01
8.816068585547516268e-01
8.937518695770499955e-01
9.104969241455324047e-01
9.314442741460799979e-01
9.561694425322725399e-01
9.842521255304341743e-01
1.015307728734423209e+00
1.049015696083700711e+00
1.085142412342378515e+00
1.123557629880873154e+00
1.164244190765927112e+00
1.207301366957897804e+00
1.252942490015943378e+00
1.301487738947958883e+00
1.353353041605106499e+00
1.409036053312608061e+00
1.469241838953876389e+00
1.534432936074469289e+00
1.605248337713783169e+00
1.682322846676615580e+00
1.766250056432453475e+00
1.858564362912674017e+00
1.958597732225115573e+00
2.066623872260503259e+00
2.182777405344920041e+00
2.307062774970654928e+00
2.439371503704236943e+00
2.579503424804643341e+00
2.727188872037706879e+00
2.882109842552552870e+00
3.043918915691542715e+00
3.212255272472552825e+00
3.386757561724687449e+00
3.567073636142911397e+00
3.752867364244472537e+00
3.943822835784500214e+00
4.138627398172214811e+00
4.338082160475933868e+00
4.541930004898214968e+00
4.749914962253242834e+00
4.961758782887825348e+00
5.176414085166138435e+00
5.394245908756616359e+00
5.614773971288428811e+00
5.837436353853323823e+00
6.061604002630485155e+00
6.286602122393679437e+00
6.511734188081100605e+00
6.736305674790106224e+00
6.959645644384756302e+00
7.181125098328637435e+00
7.400171568314481085e+00
7.616279814905362322e+00
7.829018776967560989e+00
8.038035091057757597e+00
8.243053603990910361e+00
8.444597296790607999e+00
8.641779185290141996e+00
8.834536656865449089e+00
9.022849072238997792e+00
9.206709932955476461e+00
9.387116560449491942e+00
9.562932846037714540e+00
9.734034229268678118e+00
9.900216396653451767e+00
1.006118570680023083e+01
1.021655568327635244e+01
1.036584897250377679e+01
1.050850395731243481e+01
1.064388512109455576e+01
1.077129624097393545e+01
1.088999552631063139e+01
1.099921187091693220e+01
1.109816101377868591e+01
1.118606013984611636e+01
1.126214086079779797e+01
1.132464201976974394e+01
1.137393092075207690e+01
1.140934622805231058e+01
1.143028219064016682e+01
1.143619646216462549e+01
1.142647516796143847e+01
1.140087117382899962e+01
1.135906819750256780e+01
1.130083375286844216e+01
1.122602137638913433e+01
1.113457172142010165e+01
1.102651258567254899e+01
1.090195842303453588e+01
1.076111027392555286e+01
1.060425575910993956e+01
1.043176845177797318e+01
1.024410622067875920e+01
1.004180835856383247e+01
9.825491467033497628e+00
9.595844175591750513e+00
9.353762548935558030e+00
9.099910360526637376e+00
8.835151755454097255e+00
8.560393498069746698e+00
8.276576553719181106e+00
7.984525915949514108e+00
7.685374847867294079e+00
7.380116356726142968e+00
7.069745027427040363e+00
6.755249755360067887e+00
6.437607011575117610e+00
6.117774691048061264e+00
5.796686576728019347e+00
5.475247436121772893e+00
5.154328753435479804e+00
4.834765088708524061e+00
4.517350937221307206e+00
4.202835570204289439e+00
3.891911456414008263e+00
3.585198486660376549e+00
3.283369651987605220e+00
2.986704718918165469e+00
2.695520654653424053e+00
2.410016425052107891e+00
2.130271795501485599e+00
1.856688811110928539e+00
1.588659686685616412e+00
1.325939334631482946e+00
1.068194420709682291e+00
8.150168809767824873e-01
5.659384264650688667e-01
3.204455689949028407e-01
7.799716267687359372e-02
-1.619515869978697120e-01
-3.999212396768997424e-01
-6.363806010422484727e-01
-8.717223445675954530e-01
-1.106243369162977608e+00
-1.340130631022228958e+00
-1.573452584111521446e+00
-1.806594483188138645e+00
-2.038921261278233477e+00
-2.270146164226177099e+00
-2.499876965903506942e+00
-2.727627615835467090e+00
-2.952973461723850779e+00
-3.175133366017342862e+00
-3.393425436592363731e+00
-3.607132843681701839e+00
-3.815518841804447447e+00
-4.017841083589400952e+00
-4.213364952324179846e+00
-4.401375711372635280e+00
-4.581189332373421408e+00
-4.752161919881748631e+00
-4.913697697788109942e+00
-5.065255496713415795e+00
-5.206352265563231718e+00
-5.336561016836432358e+00
-5.455504660180491960e+00
-5.562706531945261546e+00
-5.658015308792623266e+00
-5.741157993327517417e+00
-5.811884505487108221e+00
-5.869964512671055346e+00
-5.914747490112686634e+00
-5.946501578330477322e+00
-5.965052102315184790e+00
-5.970246871104354369e+00
-5.961959333251055426e+00
-5.940092127700154379e+00
-5.904580830530944624e+00
-5.855399183388264817e+00
-5.792568269002041248e+00
-5.716168114548191070e+00
-5.626349195548019821e+00
-5.523342301912899543e+00
-5.407468322681670436e+00
-5.279151895252274684e+00
-5.138936598800226463e+00
-4.987936419436008961e+00
-4.826505477265712329e+00
-4.655603829373835545e+00
-4.476331709564611572e+00
-4.289921161656767623e+00
-4.097722922461789707e+00
-3.901189436225392271e+00
-3.701854960430368990e+00
-3.501313721152730540e+00
-3.301197020505878488e+00
-3.103150108846122635e+00
-2.908809416577499807e+00
-2.719778238144866300e+00
-2.537596967082792254e+00
-2.363710494638590287e+00
-2.199578711432359945e+00
-2.046216873543311277e+00
-1.904615190739902264e+00
-1.775576162800593716e+00
-1.659708837859085406e+00
-1.557429298459569011e+00
-1.468966251436799375e+00
-1.394370665812347587e+00
-1.333528492465198001e+00
-1.286175601040098648e+00
-1.251914176388692956e+00
-1.230229923651515733e+00
-1.220509534217751657e+00
-1.222057961740494303e+00
-1.234115146537673402e+00
-1.255730199265268077e+00
-1.286208820124838059e+00
-1.324685997012065464e+00
-1.370286041254875631e+00
-1.422130803213337735e+00
-1.478907871666123919e+00
-1.540215037557484568e+00
-1.605202487320377625e+00
-1.673040343601909008e+00
-1.742923038301822380e+00
-1.814073388225166061e+00
-1.885746370504100655e+00
-1.957232573431122225e+00
-2.027861289142146362e+00
-2.097003213772297592e+00
-2.164072725310144385e+00
-2.228529738502293966e+00
-2.289881613620199374e+00
-2.347685973871349141e+00
-2.401553994935397895e+00
-2.451591928856931002e+00
-2.497064623622648138e+00
-2.537759645363792060e+00
-2.573524480811768544e+00
-2.604265447635002673e+00
-2.629945566530658141e+00
-2.650581529033405825e+00
-2.666239919488205601e+00
-2.677032858517606417e+00
-2.683113233139134302e+00
-2.684669668987034630e+00
-2.681921364260010598e+00
-2.675112419680259812e+00
-2.664504912111003154e+00
-2.650371241643903808e+00
-2.631967663387281942e+00
-2.610637978295367034e+00
-2.586641365648243429e+00
-2.560225024777422753e+00
-2.531623528791519639e+00
-2.501059475586127956e+00
-2.468744826883246368e+00
-2.434882514162530764e+00
-2.399668032549852725e+00
-2.363290849628235435e+00
-2.325935533538726396e+00
-2.287782559958517759e+00
-2.249008795664923177e+00
-2.209787681488804001e+00
-2.170289152772781449e+00
-2.131698282538719624e+00
-2.093104282757201506e+00
-2.054666255695788646e+00
-2.016535228614238395e+00
-1.978850644446041640e+00
-1.940717771686498505e+00
-1.903314985008915716e+00
-1.866724885776503751e+00
-1.831009924546129986e+00
-1.796214429422834158e+00
-1.762367632026066833e+00
-1.729487092550011873e+00
-1.697582116786686690e+00
-1.666656902582882571e+00
-1.636713260747086007e+00
-1.607752833826739502e+00
-1.579778791856455200e+00
-1.552797022311988684e+00
-1.526816856249914700e+00
-1.501851387287575168e+00
-1.478936386309516848e+00
-1.457019463954976057e+00
-1.436125888392946859e+00
-1.416280605980952956e+00
-1.397504650539088011e+00
-1.378792416311469760e+00
-1.361218756767749838e+00
-1.344769887860684410e+00
-1.329418766154626841e+00
-1.315126852936422397e+00
-1.301846862327281640e+00
-1.289525900216593968e+00
-1.278108591384308879e+00
-1.267539936019149716e+00
-1.257767743701143637e+00
-1.248744570712949642e+00
-1.240429141688906389e+00
-1.232787274277589162e+00
-1.225792349835494344e+00
-1.219425387500092217e+00
-1.214693724932397245e+00
-1.210519957947171044e+00
-1.206907546504755624e+00
-1.203862634471598803e+00
-1.201390268570238673e+00
-1.199490430184309009e+00
-1.198154427998149085e+00
-1.197361973202803798e+00
-1.197079095244457658e+00
-1.197256940842004624e+00
-1.197831421006229746e+00
-1.198723621051088761e+00
-1.199840859937838511e+00
-1.201078272080306597e+00
-1.202320782534014310e+00
-1.203587059755318656e+00
-1.204599325093296702e+00
-1.205226238495288538e+00
-1.205335764708503454e+00
-1.204797501648774194e+00
-1.203484852938890626e+00
-1.201277002490984902e+00
-1.198060661490335743e+00
-1.193731569197367559e+00
-1.188195738545450908e+00
-1.181370445577289319e+00
-1.173184968390136973e+00
-1.163581086544866139e+00
-1.152513355954048357e+00
-1.139949177230434429e+00
-1.125726969584219583e+00
-1.109988478856594796e+00
-1.092737921671445012e+00
-1.073990997469637776e+00
-1.053774237286945414e+00
-1.032124271528166215e+00
-1.009087144265911062e+00
-9.847201848242039812e-01
-9.591008214505157836e-01
-9.323400934231663717e-01
-9.045968926274976507e-01
-8.760903542129288013e-01
-8.471089312071052868e-01
-8.180154867338655933e-01
-7.892482918870460384e-01
-7.613181851945776124e-01
-7.348023770867366800e-01
-7.103355063923983970e-01
-6.885986043511501675e-01
-6.703066173336607037e-01
-6.561950996760239629e-01
-6.470065172961600997e-01
-6.434741435505988427e-01
-6.462995734318920382e-01
-6.561264292754545036e-01
-6.742364229505461992e-01
-7.003227672842253781e-01
-7.347160243099002397e-01
-7.776096720882299529e-01
-8.290532318104985032e-01
-8.889507123757098839e-01
-9.570638287287345225e-01
-1.033019301853334682e+00
-1.116319481513066592e+00
-1.206355524485281272e+00
-1.302422393108401133e+00
-1.403734997562367415e+00
-1.509444879853522714e+00
-1.618656920065066895e+00
-1.730445630263516499e+00
-1.843148740083755399e+00
-1.956585568043355039e+00
-2.069826469794747936e+00
-2.181966669426372629e+00
-2.292136673679799674e+00
-2.399511193780185181e+00
-2.503316581083947945e+00
-2.602836815356439182e+00
-2.697418110286281312e+00
-2.786472220492445029e+00
-2.869478548489433845e+00
-2.945985159551457677e+00
-3.015608817843482115e+00
-3.078034159213832943e+00
-3.133012115270428666e+00
-3.180357700337756555e+00
-3.219947376719874299e+00
-3.251718592199689617e+00
-3.275675952200997720e+00
-3.291901854482877532e+00
-3.300567682496097000e+00
-3.301943035546906824e+00
-3.296401582633712302e+00
-3.284422919192679480e+00
-3.266590354235807236e+00
-3.243146388902672594e+00
-3.215322150635994358e+00
-3.183962545407706735e+00
-3.149975225333907947e+00
-3.114315422973289671e+00
-3.077970108381848036e+00
-3.041941916706168314e+00
-3.007230831961100748e+00
-2.974809654743683751e+00
-2.945595826534961326e+00
-2.920423828914869624e+00
-2.900020914087769519e+00
-2.884987742214955020e+00
-2.875784645059122013e+00
-2.872723632413417327e+00
-2.876404378175359877e+00
-2.886377881966597947e+00
-2.902515973924159276e+00
-2.924558472323996128e+00
-2.952125832928976124e+00
-2.985455657126369289e+00
-3.023214628438914531e+00
-3.064759264385222171e+00
-3.109392370880645906e+00
-3.156382033023837241e+00
-3.204980044129929428e+00
-3.254438984848007088e+00
-3.304027455474256580e+00
-3.353043186115074903e+00
-3.400823914840469087e+00
-3.446756044693306098e+00
-3.490281175684223136e+00
-3.530900665332869615e+00
-3.568178407142999831e+00
-3.601742035685427723e+00
-3.630560829498073794e+00
-3.655148271187550257e+00
-3.675315472681240259e+00
-3.690928242945014759e+00
-3.701900697848093280e+00
-3.708330017314820370e+00
-3.710057011175161179e+00
-3.707100712815667887e+00
-3.699505083286360296e+00
-3.687337044340017300e+00
-3.670685518314091400e+00
-3.649660928805174009e+00
-3.624394798158331099e+00
-3.595039213941110479e+00
-3.561766036524949719e+00
-3.524765791555910077e+00
-3.484246240849058651e+00
-3.440430658223475824e+00
-3.393555857116525853e+00
-3.343870027742037010e+00
-3.291488737762813699e+00
-3.236825143746221656e+00
-3.180146661567560429e+00
-3.121720299656019382e+00
-3.061807590246834021e+00
-3.000659498820215099e+00
-2.938511849251822294e+00
-2.875581575678098467e+00
-2.812063948246808387e+00
-2.748130804759606693e+00
-2.683929742438242450e+00
-2.619584174629429274e+00
-2.555194129021876925e+00
-2.490837651206710746e+00
-2.426572675721216932e+00
-2.362580940522075679e+00
-2.298737816369081699e+00
-2.235055263481157350e+00
-2.171534813186003277e+00
-2.108170050219259295e+00
-2.044948972188510350e+00
-1.981856179095073722e+00
-1.918874858769334280e+00
-1.855988545586588323e+00
-1.793182639813529988e+00
-1.730445683392734857e+00
-1.667770416281356471e+00
-1.605155111145472491e+00
-1.542606056721882446e+00
-1.480140762636296792e+00
-1.417649414483984405e+00
-1.355330097575587978e+00
-1.293250200562807706e+00
-1.231496897200454299e+00
-1.170177150854854631e+00
-1.109558580268115824e+00
-1.049635291443260066e+00
-9.905661308052731151e-01
-9.325224932035136582e-01
-8.756853784892717485e-01
-8.202422668863963429e-01
-7.663839105905678739e-01
-7.143006549215323853e-01
-6.641775171822934531e-01
-6.161885351823133128e-01
-5.704912195433328170e-01
-5.272216774339024692e-01
-4.864912108556763704e-01
-4.483853919836411350e-01
-4.129651982369810237e-01
-3.801276627749164416e-01
-3.500414327356052291e-01
-3.227094899773987891e-01
-2.981217624508669672e-01
-2.762578990483007257e-01
-2.572313814321740000e-01
-2.408589250201179643e-01
-2.271024873186861803e-01
-2.159208977091507942e-01
-2.072707010305979980e-01
-2.011067015706779482e-01
-1.973822381793884362e-01
-1.960487527087574067e-01
-1.970538428844831047e-01
-2.003382869501030561e-01
-2.058328603473789098e-01
-2.134554860327295689e-01
-2.231090350144601109e-01
-2.346799310635185321e-01
-2.480375993144778302e-01
-2.628930134824620235e-01
-2.792322627931030921e-01
-2.968777046749208615e-01
-3.156395865195809058e-01
-3.353184557660091603e-01
-3.558495055592208467e-01
-3.768727364106542188e-01
-3.981761548829306774e-01
-4.195489153390112858e-01
-4.407838883444905598e-01
-4.616800397544243983e-01
-4.820445804569794546e-01
-5.016948592613890145e-01
-5.204599824783995299e-01
-5.381821532775302730e-01
-5.547177319245955029e-01
-5.699380245671472611e-01
-5.837298134434845132e-01
-5.959956453640480323e-01
-6.066538981859134205e-01
-6.154969390089002346e-01
-6.226234042190683660e-01
-6.279973047969253930e-01
-6.315969899881049843e-01
-6.334144394305376569e-01
-6.334544671262196669e-01
-6.317339658277398851e-01
-6.282837035518127333e-01
-6.231570578905661906e-01
-6.164434452546248000e-01
-6.082824767935383070e-01
-5.988762612480065251e-01
-5.884983901877376411e-01
-5.774989397995902163e-01
-5.663053777410850254e-01
-5.554196314065886764e-01
-5.454118013870861148e-01
-5.369111274727924599e-01
-5.305948629741095157e-01
-5.271757088068227404e-01
-5.273884189699352687e-01
-5.319760182791386516e-01
-5.416736139841815678e-01
-5.571858275178738218e-01
-5.791604196728376008e-01
-6.081623299854446163e-01
-6.446508247013275072e-01
-6.889598195274692083e-01
-7.412794490761351884e-01
-8.016403779407867969e-01
-8.699029877761383922e-01
-9.457524708921491996e-01
-1.028700034076381886e+00
-1.118089863444612142e+00
-1.213111155144319886e+00
-1.313536268846637434e+00
-1.417536268830287938e+00
-1.523946390768940340e+00
-1.631527074054571758e+00
-1.738987448642110856e+00
-1.845008595089897119e+00
-1.948266036500098553e+00
-2.047452486178925390e+00
-2.141303126360058151e+00
-2.228621772236002663e+00
-2.308305322499373702e+00
-2.379364824558853009e+00
-2.440942231657062145e+00
-2.492322474195989734e+00
-2.532940853024401306e+00
-2.561664079897009394e+00
-2.578993169179740086e+00
-2.584815205945252270e+00
-2.579158009065850354e+00
-2.562180550004553137e+00
-2.534161642497870126e+00
-2.495487419495402204e+00
-2.446638062391615964e+00
-2.388174190425238486e+00
-2.320723258976733483e+00
-2.244966257147024358e+00
-2.161624939396347145e+00
-2.071449774452799986e+00
-1.975208747953296040e+00
-1.873677113759333990e+00
-1.767628152713757839e+00
-1.657824988000886623e+00
-1.545013948431583017e+00
-1.429920317889192383e+00
-1.313245991452286932e+00
-1.195668207261190830e+00
-1.077838786361362988e+00
-9.603835252314942839e-01
-8.439015385871442287e-01
-7.289644571004240126e-01
-6.161154568782005736e-01
-5.058681436138612320e-01
-3.987053411423363558e-01
-2.950778470582066104e-01
-1.954032212653953882e-01
-1.000646700047709836e-01
-9.410059146337374641e-03
7.624938729820077143e-02
1.566415264101433114e-01
2.315364064115497666e-01
3.000273082646283118e-01
3.627368649954210156e-01
4.195719731691904264e-01
4.704764501598731608e-01
5.154159701189389153e-01
5.543612889323356052e-01
5.872724677360670054e-01
6.140857142301103799e-01
6.347036715455847133e-01
6.489894281994492697e-01
6.567641454080008767e-01
6.578079563234582317e-01
6.518636511341042716e-01
6.386425952392820182e-01
6.178323136067070953e-01
5.898271407657420529e-01
5.535337782558321651e-01
5.086273200336193234e-01
4.548082975370962844e-01
3.918258997216622075e-01
3.195011891304436746e-01
2.377475458668229513e-01
1.465867444685458043e-01
4.615991860432742261e-02
-6.326673299985204058e-02
-1.813012410847920641e-01
-3.074296447715479386e-01
-4.410235912429936733e-01
-5.813510259017580228e-01
-7.275892339204246273e-01
-8.789812331716482241e-01
-1.034418969164895730e+00
-1.192902547357094445e+00
-1.353416364777417336e+00
-1.514959021396952155e+00
-1.676573134722337377e+00
-1.837372209742066387e+00
-1.996562902981152243e+00
-2.153461881947613232e+00
-2.307507091341769456e+00
-2.458263652842936242e+00
-2.605424892463797271e+00
-2.748809145367361317e+00
-2.888353061994603177e+00
-3.024102154411866472e+00
-3.156057588029089089e+00
-3.284595777628107172e+00
-3.410011565513440868e+00
-3.532644135901017446e+00
-3.652848803383720089e+00
-3.771110279791382691e+00
-3.887584389522756645e+00
-4.002519729176277963e+00
-4.116101450750360158e+00
-4.228454673039138356e+00
-4.339653772089036465e+00
-4.449734486203209549e+00
-4.558706731190980577e+00
-4.666566747022474537e+00
-4.773307736850713745e+00
-4.878928553390045053e+00
-4.983440268165997722e+00
-5.086870652173341334e+00
-5.189266722827582612e+00
-5.290695588365956326e+00
-5.391102152281421311e+00
-5.490739859776292420e+00
-5.589724950616634658e+00
-5.688173118777752890e+00
-5.786181517785411010e+00
-5.883809858486841904e+00
-5.981063361892602792e+00
-6.077879181405771547e+00
-6.174117078527583402e+00
-6.269554552718018314e+00
-6.363886232157923928e+00
-6.456727081832459803e+00
-6.547618842156934349e+00
-6.636039046492500759e+00
-6.721411956791251363e+00
-6.803120785765888634e+00
-6.880520561998110907e+00
-6.952949614595457462e+00
-7.019736590551806543e+00
-7.080204020763334327e+00
-7.133670572909668550e+00
-7.179453355382291235e+00
-7.216871021986630552e+00
-7.245247997593700084e+00
-7.263919856105449213e+00
-7.272381406830818129e+00
-7.269861224830947322e+00
-7.255769638917607622e+00
-7.229556851574564291e+00
-7.190720444380916732e+00
-7.138812441876122961e+00
-7.073445778007218188e+00
-6.994301504933407188e+00
-6.901139270664877756e+00
-6.793809611796394421e+00
-6.672265601705576366e+00
-6.536572275174126645e+00
-6.386912959490613773e+00
-6.223592153371174440e+00
-6.047034952464265700e+00
-5.857641551364766386e+00
-5.656213216541144284e+00
-5.443502879464275246e+00
-5.220353861885632440e+00
-4.987687680605176865e+00
-4.746632674991495549e+00
-4.498077815243131106e+00
-4.243097877051610567e+00
-3.982784643957804960e+00
-3.718225330372579407e+00
-3.450481296650351748e+00
-3.180568794430613355e+00
-2.909442755669845670e+00
-2.637984111369624074e+00
-2.366990752415637722e+00
-2.097171990041792444e+00
-1.829146209021938141e+00
-1.563441310262433603e+00
-1.300497493177160901e+00
-1.040671918030814158e+00
-7.841030954828888122e-01
-5.311506634924518799e-01
-2.819643750143624450e-01
-3.664763634592489022e-02
2.047256025605603547e-01
4.420936887632669343e-01
6.753915926280544824e-01
9.045377536138763386e-01
1.129423955168208815e+00
1.349908367208126680e+00
1.565811641546054123e+00
1.776915782405455335e+00
1.982965418426240412e+00
2.183671056506490515e+00
2.378713887488910217e+00
2.567751728184197724e+00
2.750425715130270454e+00
2.926367406422102135e+00
3.095205994122242288e+00
3.256575377661084403e+00
3.410120895747726699e+00
3.555505558910788011e+00
3.692415665754774423e+00
3.820565722695658639e+00
3.939702619021279162e+00
4.049609036555669839e+00
4.150106074802645040e+00
4.241054623029764770e+00
4.322354657337066364e+00
4.393942952710492733e+00
4.455790046456668207e+00
4.507897021875161059e+00
4.550292464812393689e+00
4.583029789713251922e+00
4.606185022136520146e+00
4.619133106089350349e+00
4.622750468618955111e+00
4.617170271512370583e+00
4.602543716944754948e+00
4.579039607859888505e+00
4.546844043802950708e+00
4.506160203072614223e+00
4.457208639981206311e+00
4.400228905185651129e+00
4.335482007530697679e+00
4.263252908307494593e+00
4.183852587606763151e+00
4.097620898941999990e+00
4.004932732203440260e+00
3.906206095009263635e+00
3.802631697256325438e+00
3.693974804981679849e+00
3.580822109748955206e+00
3.463819906519684189e+00
3.343671373099555311e+00
3.221569812640079356e+00
3.097852524506539140e+00
2.973354649562592655e+00
2.848936058137545135e+00
2.725470367396254368e+00
2.603833686296013195e+00
2.484893401765664755e+00
2.369495812226886322e+00
2.258450214638293652e+00
2.152511017513184299e+00
2.052360444108704218e+00
1.958593495449087563e+00
1.871706120292907949e+00
1.792087015135461758e+00
1.720013108028518589e+00
1.655210001515759144e+00
1.598192772091044933e+00
1.548907812399943573e+00
1.507202652840762491e+00
1.472834657059634011e+00
1.445480954525171002e+00
1.424749175952082725e+00
1.410188604072108998e+00
1.401301404029696496e+00
1.397553650923565760e+00
1.398385924160924887e+00
1.403223287576494283e+00
1.411484519551854389e+00
1.422590497984512314e+00
1.435971680590283128e+00
1.451074651630150480e+00
1.467367731875786729e+00
1.484345669738741824e+00
1.501533448344030131e+00
1.518489256336094773e+00
1.534806679793355944e+00
1.550116179229276803e+00
1.564085919694280236e+00
1.576422023863554234e+00
1.586868318072460315e+00
1.595063931982676930e+00
1.600974825350927278e+00
1.604451984872993453e+00
1.605379359897573188e+00
1.603672038966228452e+00
1.599274278691500406e+00
1.592157429465858920e+00
1.582317797622287969e+00
1.569774478891071912e+00
1.554567193392382141e+00
1.536754148028117495e+00
1.516409839416180017e+00
1.493620322084051821e+00
1.468471587586422489e+00
1.441033323909981512e+00
1.411483753282103848e+00
1.379662138475157063e+00
1.345497755746970059e+00
1.308853000496713603e+00
1.269520296601287512e+00
1.226501051196107639e+00
1.180213940780156845e+00
1.130258414360294950e+00
1.076186199976288949e+00
1.017512441541517987e+00
9.537278084756851682e-01
8.843111318806688992e-01
8.087445794827282652e-01
7.265353363754645244e-01
6.372412111508212185e-01
5.404959392722384903e-01
4.360314158520021688e-01
3.236952696692944609e-01
2.034630453773028647e-01
7.544486330440886013e-02
-5.939122163839251345e-02
-2.014263925544503286e-01
-3.501545820543828791e-01
-5.049550137240843561e-01
-6.651052936938389726e-01
-8.297962810900569863e-01
-9.981480658730086386e-01
-1.169226456750646292e+00
-1.342059464090335386e+00
-1.515653347231428860e+00
-1.689007878202906543e+00
-1.861130551745051154e+00
-2.031049542902549021e+00
-2.197825277247221543e+00
-2.360560534527278431e+00
-2.519130998480476169e+00
-2.671988493521094021e+00
-2.818410455919712732e+00
-2.957742261866362021e+00
-3.089400216527836474e+00
-3.212873345310400808e+00
-3.327724096375707319e+00
-3.433588068748667066e+00
-3.530172882259586586e+00
-3.617256304678996948e+00
-3.694683748278347668e+00
-3.762365243172608231e+00
-3.820271988604242885e+00
-3.868432576188475469e+00
-3.906928971380497551e+00
-3.935170387015274329e+00
-3.954092886359057424e+00
-3.963911270439794521e+00
-3.964876747306917970e+00
-3.957272711008791077e+00
-3.942132572131585633e+00
-3.919031904705917224e+00
-3.888328442608763869e+00
-3.850396502112467978e+00
-3.805623564384034374e+00
-3.754407070240273647e+00
-3.697151433954314559e+00
-3.634265279399001347e+00
-3.566158898786842890e+00
-3.493241931693579438e+00
-3.415921259899427298e+00
-3.334599045837925324e+00
-3.249669392539765500e+00
-3.161510962585254880e+00
-3.070476918087749141e+00
-2.976162645862201028e+00
-2.879600598940837308e+00
-2.781009632507512208e+00
-2.680552677015596075e+00
-2.578335091488240138e+00
-2.474405492896075032e+00
-2.368758760385264672e+00
-2.261340837747402688e+00
-2.152054927907911086e+00
-2.040768675748283467e+00
-1.927321959766215898e+00
-1.811535016887603211e+00
-1.693218118699857389e+00
-1.572185205332329971e+00
-1.448269906605480717e+00
-1.320902851126633859e+00
-1.190464332607184428e+00
-1.056932499252062785e+00
-9.203540428698305798e-01
-7.808486930075586585e-01
-6.386105176740023426e-01
-4.939063559301720141e-01
-3.470717981129932683e-01
-1.985051703735205286e-01
-4.865998560962957187e-02
1.019636962953175963e-01
2.528286572865084958e-01
4.033718108450017326e-01
5.530197335938678016e-01
7.012068057459854842e-01
8.469548019545305451e-01
9.902279470321371235e-01
1.130583552396625002e+00
1.267645165020092168e+00
1.401109494570804248e+00
1.530750085949291961e+00
1.656418033271632950e+00
1.778040126770610074e+00
1.895614869660751767e+00
2.009206811751417465e+00
2.118939631411225211e+00
2.224988299833463135e+00
2.327569171308007334e+00
2.426925656900754014e+00
2.523311115496126522e+00
2.617410123677712974e+00
2.708984180795118935e+00
2.798223254144846628e+00
2.885278893740815143e+00
2.970266287836045294e+00
3.053269882522699596e+00
3.134350704805562771e+00
3.213554111812522152e+00
3.290917129464616231e+00
3.366474871796987234e+00
3.440265771431017416e+00
3.512335522054273795e+00
3.582739750961591696e+00
3.651545516403072345e+00
3.718831770755405941e+00
3.784250425858502354e+00
3.848363879719293834e+00
3.911278791334094507e+00
3.973101031024453889e+00
4.033924705621593887e+00
4.093820634801167202e+00
4.152825935556935910e+00
4.210935206162577771e+00
4.268092928477102532e+00
4.324187653793808650e+00
4.379048636449535792e+00
4.432445154448659608e+00
4.484088450126506586e+00
4.533636027363996845e+00
4.580697927211732967e+00
4.624844549004773597e+00
4.665615571943366291e+00
4.702529549340989767e+00
4.735093784075722567e+00
4.762814141496489739e+00
4.785204509392391614e+00
4.801795690781981207e+00
4.812144036713643658e+00
4.815840544338376716e+00
4.812519889987678212e+00
4.801726860608939162e+00
4.783355669306274649e+00
4.757214561433943167e+00
4.723178627817378405e+00
4.681191306575698263e+00
4.631264255381466910e+00
4.573475768261296537e+00
4.507967941509895660e+00
4.434942805965320645e+00
4.354657642662139949e+00
4.267419689592325760e+00
4.173580585262658182e+00
4.073534241274165524e+00
3.967724462237791627e+00
3.856659256601016494e+00
3.741068035664010694e+00
3.621482124398160529e+00
3.498683892037782517e+00
3.373560592730201257e+00
3.247102337909026915e+00
3.120833543791595055e+00
2.995462789478303467e+00
2.872230807618435744e+00
2.752430100155216941e+00
2.637385697780172400e+00
2.528435073131730881e+00
2.426907808010168921e+00
2.334102141960586074e+00
2.251252768608618560e+00
2.179493486032293870e+00
2.119820632768573354e+00
2.073061180381250423e+00
2.039847689446901757e+00
2.020601130237098531e+00
2.015521720701374697e+00
2.024148832136016374e+00
2.046704929584543642e+00
2.082743685900822594e+00
2.131628606864015563e+00
2.192552457030283009e+00
2.264559271177307931e+00
2.346567877573523475e+00
2.437393581316843250e+00
2.535762898307773128e+00
2.640322978226672834e+00
2.749649196744136326e+00
2.862253118403299545e+00
2.976592016842395161e+00
3.091080429995881840e+00
3.204103751846651971e+00
3.314033561304176256e+00
3.419244217104412620e+00
3.518130169393604678e+00
3.609123425992183165e+00
3.690710642802535801e+00
3.761449367154775292e+00
3.819983146536367613e+00
3.865057681613316642e+00
3.895542160313010704e+00
3.910453361273188655e+00
3.908978462931330888e+00
3.890493947970910860e+00
3.854579163707895884e+00
3.801023943910253777e+00
3.729830288872105104e+00
3.641208496711463294e+00
3.535568386699252663e+00
3.413506392355484031e+00
3.275789357702214133e+00
3.123335867742695449e+00
2.957195902092204953e+00
2.778529511382160422e+00
2.588584664794094437e+00
2.388673958467565139e+00
2.180151083364808784e+00
1.964388200252439542e+00
1.742755012798169911e+00
1.516600034037399958e+00
1.287234316134174605e+00
1.055917744719768070e+00
8.231259314871726129e-01
5.907453632194707982e-01
3.598231319089610913e-01
1.313244844672766809e-01
-9.386975179551171333e-02
-3.149641421022483234e-01
-5.312482247875485175e-01
-7.420944317887224750e-01
-9.469536996056320266e-01
-1.145349405493242267e+00
-1.336870583723041017e+00
-1.521165018909969913e+00
-1.697931126726557549e+00
-1.866906217559210379e+00
-2.027852637419483628e+00
-2.179822294384608394e+00
-2.323348886397720303e+00
-2.458195155374658381e+00
-2.584108935534883855e+00
-2.700820254064643322e+00
-2.808041193331558105e+00
-2.905468130581744468e+00
-2.992785903111302215e+00
-3.069673426829151452e+00
-3.135810309191217726e+00
-3.190884032382300450e+00
-3.234597396765478194e+00
-3.266677418164162461e+00
-3.286888069118218070e+00
-3.295045285182550021e+00
-3.291031663298789045e+00
-3.274809280593194316e+00
-3.246432167714295325e+00
-3.206062369361100117e+00
-3.153987266377345389e+00
-3.090634359634520933e+00
-3.016581264986562427e+00
-2.932559876272654797e+00
-2.839454494439102916e+00
-2.738294281600647917e+00
-2.630240748127615991e+00
-2.516571173252939886e+00
-2.398658938256681861e+00
-2.277951749588154939e+00
-2.155948673283620387e+00
-2.034176811550632902e+00
-1.914168233713459122e+00
-1.797435270464140089e+00
-1.685440285530169113e+00
-1.579562551338317800e+00
-1.481066473080248080e+00
-1.391073920283436571e+00
-1.310542224948674228e+00
-1.240248534093024713e+00
-1.180780589810740633e+00
-1.132533593295465213e+00
-1.095712543674678408e+00
-1.070339290438740321e+00
-1.056263469879843875e+00
-1.053176487785548288e+00
-1.060627744293441088e+00
-1.078042358110131271e+00
-1.104739725390598171e+00
-1.139952335318057841e+00
-1.182844353821149941e+00
-1.232529574613113965e+00
-1.288088419866321832e+00
-1.348583749407767485e+00
-1.413075306191127201e+00
-1.480632686420663369e+00
-1.549908246461997541e+00
-1.620485683973936997e+00
-1.691525446773841423e+00
-1.762234443306653242e+00
-1.831871513842509458e+00
-1.899751586894997901e+00
-1.965248623123064364e+00
-2.027797456610468174e+00
-2.086894647356015042e+00
-2.142098459674012467e+00
-2.193028079564126820e+00
-2.239362027176770020e+00
-2.280832349713377560e+00
-2.317208526645713640e+00
-2.348274365053401258e+00
-2.374242116548461290e+00
-2.394391796110015846e+00
-2.408416719274554474e+00
-2.415948845736385131e+00
-2.416552762911251762e+00
-2.409725166375043859e+00
-2.394899198724770528e+00
-2.371452826057096175e+00
-2.338720355631181302e+00
-2.296006197797089143e+00
-2.242600025556019450e+00
-2.177792720890985745e+00
-2.100895963328560434e+00
-2.011271071998148141e+00
-1.908363468665493112e+00
-1.791298272616951959e+00
-1.660248812323292800e+00
-1.515095433060802854e+00
-1.355898336738086574e+00
-1.182897026879374147e+00
-9.965020014781174051e-01
-7.972810233652528611e-01
-5.859418284728150628e-01
-3.633127404435301799e-01
-1.303223342654658556e-01
1.120209777113392036e-01
3.626487853127874916e-01
6.204514741242832532e-01
8.842956477261225690e-01
1.153039970295042460e+00
1.425110785559747573e+00
1.699853155763682011e+00
1.976176951060648168e+00
2.253022813232280264e+00
2.529360835617872283e+00
2.804625845905724724e+00
3.077375210686520646e+00
3.346648561955362311e+00
3.611501703121203555e+00
3.871003951841008206e+00
4.124236839053031289e+00
4.370294500296965978e+00
4.608285793299787159e+00
4.837337980611868815e+00
5.056601700438406510e+00
5.265256891196672839e+00
5.462519318940241675e+00
5.647647368646517840e+00
5.819948790552126106e+00
5.978787133782239138e+00
6.123149117438019928e+00
6.252988539608035801e+00
6.367868218908746769e+00
6.467428165532153272e+00
6.551390879200320150e+00
6.619424107226012488e+00
6.671576578312826911e+00
6.707839143118119907e+00
6.728294257876246576e+00
6.733114307887028360e+00
6.722558464103626896e+00
6.696968254836228596e+00
6.656762062000930236e+00
6.602428761369386834e+00
6.534520723775989026e+00
6.453646383038154966e+00
6.360462450801950496e+00
6.255663453536328689e+00
6.139964369259225840e+00
6.014078745941516146e+00
5.878838093134971743e+00
5.734739212028662436e+00
5.582368320146686713e+00
5.422239679347217844e+00
5.254788426870988793e+00
5.080367812236264768e+00
4.899250364748494846e+00
4.711632382062162172e+00
4.517641072899969856e+00
4.317343684165793505e+00
4.110757976853229856e+00
3.897863581644169795e+00
3.678616221266764796e+00
3.452968740055044172e+00
3.220896332995666356e+00
2.983440657708001709e+00
2.739621620806342861e+00
2.489621567893305354e+00
2.233720607118891088e+00
1.972301044095103428e+00
1.705846550354330082e+00
1.434937090279690963e+00
1.160240562589644808e+00
8.825020242011044624e-01
6.025312655687214969e-01
3.211894040479715828e-01
3.937506027621093252e-02
-2.419894146090137699e-01
-5.219712836315339999e-01
-7.996400457392998096e-01
-1.075098052622062150e+00
-1.346380550564287626e+00
-1.612631390481871652e+00
-1.873033841079210671e+00
-2.126814623471414034e+00
-2.373246552737104054e+00
-2.611650272751852242e+00
-2.841393922497064572e+00
-3.061888290089621378e+00
-3.272578936969530616e+00
-3.472937755405525628e+00
-3.662455536157358971e+00
-3.840636420658189998e+00
-4.006994614559864942e+00
-4.161053399169780675e+00
-4.303068200380467445e+00
-4.431825630478750000e+00
-4.546891625329708475e+00
-4.647854827568504987e+00
-4.734332539599560796e+00
-4.805976925094752161e+00
-4.862481206602367045e+00
-4.903587106220158809e+00
-4.929095968362905644e+00
-4.938882029933400197e+00
-4.932905304489802134e+00
-4.911222281802315237e+00
-4.873989995256772012e+00
-4.821456881139953410e+00
-4.753943571447996064e+00
-4.671097496147364581e+00
-4.574073075978780878e+00
-4.463266523837177147e+00
-4.339060132100920342e+00
-4.201808978969538089e+00
-4.051832120576359664e+00
-3.889408016140598612e+00
-3.714773709591895123e+00
-3.528127168734359387e+00
-3.329632134069414384e+00
-3.119424832020222915e+00
-2.897622097949434927e+00
-2.664333879226764790e+00
-2.419685807279863710e+00
-2.163848251284215429e+00
-1.897207618159170162e+00
-1.619959983842173656e+00
-1.332572112050174340e+00
-1.035645777174817095e+00
-7.299247078627487673e-01
-4.162949197549327685e-01
-9.577912816856956613e-02
2.304738624224735022e-01
5.612038021485263872e-01
8.950566703746162256e-01
1.230604422012574917e+00
1.566365925803919534e+00
1.900828315988574602e+00
2.232468090622944601e+00
2.559771404405510431e+00
2.881394823454689558e+00
3.195750199099807176e+00
3.501460740567989838e+00
3.797225121717149321e+00
4.081829093268689590e+00
4.354593548941092074e+00
4.614043326801779976e+00
4.859275689306247870e+00
5.089501166960195278e+00
5.304045512320960221e+00
5.502350079631890267e+00
5.683970790168078047e+00
5.848575848559612211e+00
5.995942376062586732e+00
6.125952123797466342e+00
6.238586423120405122e+00
6.333920522205817250e+00
6.412117448187120594e+00
6.473421523337261618e+00
6.518151652206830349e+00
6.546255956237772011e+00
6.558643601624030595e+00
6.555815034147803644e+00
6.538318114496776801e+00
6.506741599265131626e+00
6.460986906773053207e+00
6.402465866465174571e+00
6.331848482937722622e+00
6.249809813133690106e+00
6.157010512889434573e+00
6.054077003476810326e+00
5.941583854674792775e+00
5.820039859391670234e+00
5.689878470592162785e+00
5.551452712105325205e+00
5.405034302918281242e+00
5.250816503634391452e+00
5.088920067310795048e+00
4.919401626116142623e+00
4.742263847727381076e+00
4.558188678100258073e+00
4.366345445190305874e+00
4.166649331287822555e+00
3.959020725825665554e+00
3.743410585621337994e+00
3.519825605207323349e+00
3.288350485123292977e+00
3.049167214667217962e+00
2.802573280476873041e+00
2.548997289946878020e+00
2.289009859793359247e+00
2.023328724729119621e+00
1.752817848827789460e+00
1.478480875906438952e+00
1.201449602071223088e+00
9.229683465964639844e-01
6.443751784427416140e-01
3.670809577187146289e-01
9.254709960862286811e-02
-1.777371178835359111e-01
-4.422769869613103477e-01
-6.995940092852450665e-01
-9.482477713940886677e-01
-1.186860337193803350e+00
-1.414141516773870233e+00
-1.628912417268400858e+00
-1.830125607980370050e+00
-2.016880980623745323e+00
-2.188436930224819221e+00
-2.344216867313326347e+00
-2.483811333464509552e+00
-2.606976159004227078e+00
-2.713627196999016000e+00
-2.803832210040771766e+00
-2.877800490452993021e+00
-2.934851832891607337e+00
-2.976513877804403130e+00
-3.003343951932182065e+00
-3.015999837665027439e+00
-3.015239873618569710e+00
-3.001924109869058555e+00
-2.977014161435514339e+00
-2.941570468749854506e+00
-2.896746427280013858e+00
-2.843779362680165512e+00
-2.783978660782416625e+00
-2.718711559435293523e+00
-2.649387207925337329e+00
-2.577439627872889716e+00
-2.504310189059189007e+00
-2.432449100453758284e+00
-2.362187905497650231e+00
-2.294887730665495784e+00
-2.231839589821705161e+00
-2.174236935554897165e+00
-2.122710664440130124e+00
-2.078644953681209273e+00
-2.042795060590037792e+00
-2.015732516481279823e+00
-1.997830535993210699e+00
-1.989254554969174693e+00
-1.989958876571465973e+00
-1.999689583234418588e+00
-2.017993323882184331e+00
-2.044231244506645506e+00
-2.077597142493065263e+00
-2.117138849033253223e+00
-2.161781846776543947e+00
-2.210354186150644384e+00
-2.261611854122716814e+00
-2.314702387438322351e+00
-2.367850425537286974e+00
-2.419745086311825055e+00
-2.469104010541331107e+00
-2.514701039239400693e+00
-2.555533796366728616e+00
-2.590413517989852643e+00
-2.618424014409384437e+00
-2.638787236150478499e+00
-2.650874562571976067e+00
-2.654213741624960043e+00
-2.648491411877108792e+00
-2.633551453102511708e+00
-2.609389611723047064e+00
-2.576144961000926159e+00
-2.534088805984704429e+00
-2.483611647797724586e+00
-2.425208794964396120e+00
-2.359465161926869392e+00
-2.287039734961773263e+00
-2.208508411644466207e+00
-2.124781546160440016e+00
-2.036648671311536152e+00
-1.944912767270692067e+00
-1.850375128240032030e+00
-1.753821279537059352e+00
-1.656008451772946977e+00
-1.557653412679810945e+00
-1.459418128649832225e+00
-1.361894618042469585e+00
-1.265591312057986029e+00
-1.170922333750193278e+00
-1.078200391333013375e+00
-9.876334783710716270e-01
-8.993252319955036267e-01
-8.140005262255632923e-01
-7.308080393129740004e-01
-6.495727496414989144e-01
-5.700443531778246475e-01
-4.919087802292784195e-01
-4.148003565453587949e-01
-3.383142355105885901e-01
-2.620202403822010639e-01
-1.854804602768915789e-01
-1.082689821618320059e-01
-2.999115409924371298e-02
4.969939185683759642e-02
1.310884502590450307e-01
2.143967906185913486e-01
2.997822492599496735e-01
3.880677141613323444e-01
4.785453225451103410e-01
5.712290500622363432e-01
6.661013623755454027e-01
7.631210928233473911e-01
8.620885675197440534e-01
9.630838469456084461e-01
1.066030746876895474e+00
1.170849711816699390e+00
1.277460101753692179e+00
1.385781594852656173e+00
1.495734791715419343e+00
1.607239658042761254e+00
1.720209295183817932e+00
1.834540540407438858e+00
1.950103929978212580e+00
2.066734675379217734e+00
2.184225139489281098e+00
2.302318428887259572e+00
2.420703666421408773e+00
2.539155316495181225e+00
2.657100796426883349e+00
2.774063629092460292e+00
2.889518866486290527e+00
3.002899962178260829e+00
3.114045630562584765e+00
3.221870500022458117e+00
3.325738004941008796e+00
3.425007706890059289e+00
3.519045320656021048e+00
3.607232325779885951e+00
3.688974954580399146e+00
3.763712868940989331e+00
3.830928256047226199e+00
3.890154817536348730e+00
3.940985827819554643e+00
3.983080744178106869e+00
4.016170098775759811e+00
4.040058582730179815e+00
4.054626359376780620e+00
4.059390201151373390e+00
4.054840379860696231e+00
4.041074650003285029e+00
4.018256968324847023e+00
3.986612554785229356e+00
3.947441277935451076e+00
3.900001166563789923e+00
3.844669055605134833e+00
3.781858865698942473e+00
3.712015337207208887e+00
3.635607914698606891e+00
3.553124871644416594e+00
3.465067745934169441e+00
3.371946139399379039e+00
3.274272918980710489e+00
3.172559843535899482e+00
3.067313694513949862e+00
2.959034427270009537e+00
2.848217990829604140e+00
2.735362431906375846e+00
2.619955907712015808e+00
2.503593403926659633e+00
2.386814404310569682e+00
2.270180730007583136e+00
2.154276759813588349e+00
2.039707569779248608e+00
1.927095255272961882e+00
1.817073775002255864e+00
1.710282687513644984e+00
1.607360149875521449e+00
1.508935526012225692e+00
1.415621850453736119e+00
1.328006901506429305e+00
1.246640452127322440e+00
1.172019245614388083e+00
1.104572245849272605e+00
1.044647805204867996e+00
9.925032102764557163e-01
9.482961796453569514e-01
9.120788242349163744e-01
8.837946728907201122e-01
8.632789365458800601e-01
8.502618760310088897e-01
8.443749418660125849e-01
8.451592410229804564e-01
8.520758333798057471e-01
8.645173519070532553e-01
8.818204619613139172e-01
9.032787159603974381e-01
9.281554122803000739e-01
9.556961255487015361e-01
9.851406566406271104e-01
1.015734677000819763e+00
1.046741764695191312e+00
1.077455278534801053e+00
1.107209222323650266e+00
1.135387453621177656e+00
1.161428458126716912e+00
1.184821218693552280e+00
1.205094464960470013e+00
1.221803401870525274e+00
1.234516681788449199e+00
1.242805300474989494e+00
1.246234311202951917e+00
1.244357696603393793e+00
1.235994416149437392e+00
1.221433115856316087e+00
1.200191569164819949e+00
1.171783798809149069e+00
1.135726649280959233e+00
1.091547274267478995e+00
1.038791194661514483e+00
9.770330223673309167e-01
9.058938826144627976e-01
8.250630044229810833e-01
7.343192872877777333e-01
6.335499917789917390e-01
5.227624864715949560e-01
4.020839544605572802e-01
2.717511848468691649e-01
1.328166445706274734e-01
-1.507382091082085790e-02
-1.714560066814971306e-01
-3.358271222094975084e-01
-5.076617415683959411e-01
-6.859869019610451701e-01
-8.707319324519955384e-01
-1.061374173289633349e+00
-1.257408168485070865e+00
-1.458349957041369382e+00
-1.663739579119276613e+00
-1.873141985844399393e+00
-2.086144152884279457e+00
-2.302344305462437735e+00
-2.521335764276127378e+00
-2.742689615839871031e+00
-2.965938989025513006e+00
-3.190566571154220377e+00
-3.415996166443906912e+00
-3.641588515691576156e+00
-3.867079729979390201e+00
-4.091246158910640141e+00
-4.313273990154081972e+00
-4.532305520203903981e+00
-4.747450063756942562e+00
-4.957796048975986913e+00
-5.162423733161127792e+00
-5.360418041088840013e+00
-5.550881103176946496e+00
-5.732944147213979491e+00
-5.905778471791756523e+00
-6.068605299194943292e+00
-6.220704368691678532e+00
-6.361421187026790491e+00
-6.490172901080248025e+00
-6.607174742454225758e+00
-6.711239315080886669e+00
-6.802022297740814238e+00
-6.879261202594859625e+00
-6.942775007550814337e+00
-6.992462812936008021e+00
-7.028301636867571034e+00
-7.050343465598753134e+00
-7.058711674102433165e+00
-7.053596928799231947e+00
-7.035252679159359701e+00
-7.003990185060487761e+00
-6.960169653649910693e+00
-6.904181404165244729e+00
-6.836420323696779988e+00
-6.756537356748508749e+00
-6.665619512662155799e+00
-6.563927015906033446e+00
-6.451642037662427498e+00
-6.328861492972611913e+00
-6.195157008130183662e+00
-6.050917156548676346e+00
-5.895992259206959574e+00
-5.730168261876267266e+00
-5.553180164006180419e+00
-5.364726973511038111e+00
-5.164487564030512345e+00
-4.952140278345924074e+00
-4.727391878223790478e+00
-4.490012197940933980e+00
-4.239868531401358887e+00
-3.976955776353273908e+00
-3.701418574487965074e+00
-3.413561752849415321e+00
-3.113850246858564930e+00
-2.803339835779383726e+00
-2.482325261966575436e+00
-2.151686456808771464e+00
-1.812406913737740766e+00
-1.465553960885335183e+00
-1.112400676618565676e+00
-7.539740891549381319e-01
-3.914774483333131050e-01
-2.612388193562045768e-02
3.408788055237469972e-01
7.083416404553435353e-01
1.075106187320433282e+00
1.440052955138961810e+00
1.802103905482942414e+00
2.160220519435862130e+00
2.513399948768265446e+00
2.860670924084167233e+00
3.201089953520399156e+00
3.533737493918684525e+00
3.857714738491428541e+00
4.172283483188548914e+00
4.476433401061878925e+00
4.769324078821530755e+00
5.050138644633961782e+00
5.318088262848870151e+00
5.572856127853478725e+00
5.813264853765080176e+00
6.038645788794685387e+00
6.248382522160024877e+00
6.441916929980797235e+00
6.618754704629441932e+00
6.778470215297764057e+00
6.920711061961534405e+00
7.045203096170021162e+00
7.151755420016246312e+00
7.240264569976135434e+00
7.310717284987037878e+00
7.363189115965117715e+00
7.397834433771203422e+00
7.414870142328177316e+00
7.414118680878319267e+00
7.396328841268729803e+00
7.361797216385483011e+00
7.310818596678819503e+00
7.243677035837888134e+00
7.161078903090569270e+00
7.062811878576639835e+00
6.949108323481596017e+00
6.820185093996013137e+00
6.676247886625301220e+00
6.517496771065672156e+00
6.344132550309533158e+00
6.156366027031925370e+00
5.954434192781261181e+00
5.738620793598300907e+00
5.509277064433226734e+00
5.266839852100817509e+00
5.011845048323571916e+00
4.744934733287408335e+00
4.466858326833421877e+00
4.178030256942308895e+00
3.879860919321897139e+00
3.573383008330779376e+00
3.259701498834201239e+00
2.939979419681269412e+00
2.615281195464477459e+00
2.286990111489303423e+00
1.956353031865171621e+00
1.624615739660833613e+00
1.293009623277477926e+00
9.627394741271985135e-01
6.349725557474727999e-01
3.108295174939510463e-01
-8.621952304935558142e-03
-3.223711779536795330e-01
-6.294670662814807471e-01
-9.290197598021074921e-01
-1.220201737359421834e+00
-1.502248582718348935e+00
-1.774459541372840121e+00
-2.036056210645993403e+00
-2.286615380641764173e+00
-2.525628691542841864e+00
-2.752652090377938343e+00
-2.967305504574298425e+00
