0.000000000000000000e+00
0.000000000000000000e+00
0.000000000000000000e+00
2.117468768155459091e-01
5.810756123171199050e+00
2.795434811543989184e+01
6.589335423926239343e+01
1.111222430734371471e+02
1.472581644927671505e+02
1.574027957958659272e+02
1.395417468248828641e+02
1.090883014463114762e+02
9.000987332978785105e+01
8.621570453209891127e+01
8.817720272799078884e+01
9.743402362652562942e+01
1.143070176625824956e+02
1.360865367572502578e+02
1.516067318559620674e+02
1.467480247090050511e+02
1.200404079946539468e+02
8.603858601990148713e+01
6.745111494890639392e+01
7.162561026314789103e+01
9.374868771810629653e+01
1.225643852113385037e+02
1.501146969809991276e+02
1.657909470955665938e+02
1.630467264194536199e+02
1.536586108821344965e+02
1.477707499697056619e+02
1.491576083725474291e+02
1.499020861548988250e+02
1.415874412874665893e+02
1.325588107101002038e+02
1.248048251558193442e+02
1.089596394924997895e+02
8.150560594167694717e+01
4.791555654163910560e+01
2.111756776405779590e+01
1.777385222656565844e+01
3.922621529081146718e+01
7.667080790494738096e+01
1.170066392159990585e+02
1.521939079243435344e+02
1.771981517620398847e+02
1.924033650219482467e+02
1.986339008034846643e+02
1.992609422587331096e+02
1.958889669197496630e+02
1.913494348378193308e+02
1.861129816088181315e+02
1.818079789316508368e+02
1.778994975807780747e+02
1.753046300613898154e+02
1.730615625197395957e+02
1.718766512599573844e+02
1.707363589399480475e+02
1.701422582038061364e+02
1.641694174668235178e+02
1.476116659690964070e+02
1.314643439025433054e+02
1.241015299273049521e+02
1.273348515143794941e+02
1.315819123405474897e+02
1.272294887711183691e+02
1.221188110755598473e+02
1.230615399316430540e+02
1.317658526022481453e+02
1.440069542741362341e+02
1.566596514080243310e+02
1.614285849823571652e+02
1.522131831918014200e+02
1.399177979367835576e+02
1.284163468276045421e+02
1.096334553607008218e+02
8.565492811406498674e+01
7.267556583797167491e+01
7.230691969950697739e+01
7.052153966929654416e+01
6.388855566616066994e+01
6.541745421711900121e+01
8.058793488427201623e+01
1.064434947017599740e+02
1.344942360398292180e+02
1.591726007740444686e+02
1.715268925131653077e+02
1.659230966771133637e+02
1.544934820444994727e+02
1.473860234222278223e+02
1.484054535075051433e+02
1.543876162987714338e+02
1.626990260855130828e+02
1.698638711332290256e+02
1.752064873129166358e+02
1.723846434958400948e+02
1.514289419975840474e+02
1.130252225645125463e+02
7.211949384787956774e+01
5.049792606036148612e+01
4.917631491840292313e+01
5.101216305869195367e+01
4.473898759119825286e+01
3.541335396846807271e+01
3.915559559616233543e+01
5.525911867542430400e+01
7.225570217843053911e+01
9.155134323187218115e+01
1.142915405327281348e+02
1.389233147320425985e+02
1.553714381975892991e+02
1.505971833714759214e+02
1.286773620703457084e+02
1.105052289489175621e+02
1.070554377029361888e+02
1.179900569813447930e+02
1.304206714524385688e+02
1.273732689938142641e+02
1.048068318856409036e+02
7.543354226614479785e+01
6.090863140654602148e+01
6.813960514438123539e+01
9.208126381699605645e+01
1.164795471817140822e+02
1.228911843868363576e+02
1.118240618441662804e+02
1.023354506735696958e+02
1.048695561890383203e+02
1.193184898211472387e+02
1.335934782840552941e+02
1.365548282937363069e+02
1.356474931594469240e+02
1.380565122934149258e+02
1.459983422106580804e+02
1.510880845675953879e+02
1.451086806493495374e+02
1.369085307335041648e+02
1.292425896132771186e+02
1.183853664842066564e+02
1.120898053713647471e+02
1.098839739318945021e+02
1.003746927851468769e+02
8.379776552306813642e+01
7.595761027168582302e+01
8.379402558560803982e+01
1.045616479718320164e+02
1.243544880074597927e+02
1.261270487738121631e+02
1.060456701060569031e+02
7.245392130804441422e+01
4.159725255731157034e+01
3.252794585841559183e+01
4.308373037930574867e+01
5.412970164692181640e+01
5.353975141126461779e+01
4.144482378091426256e+01
2.395524529094251420e+01
1.207841142388563682e+01
2.031598238606687090e+01
4.421331817423208577e+01
6.917057398467795792e+01
9.478293178471699321e+01
1.215307997256986994e+02
1.481864823554670352e+02
1.703749217215076044e+02
1.863974420342674989e+02
1.900008754107170716e+02
1.770463926664292842e+02
1.599843572951525914e+02
1.439340362657746653e+02
1.263665397352827142e+02
1.153642665142914581e+02
1.104702991958501599e+02
1.048394811025979010e+02
1.042348162580970836e+02
1.121612466220267947e+02
1.277390960735331191e+02
1.453400493712296111e+02
1.613889216069315466e+02
1.675494686747610444e+02
1.529797719638459057e+02
1.183654499155017845e+02
7.911297187095823347e+01
5.786051582421171702e+01
6.140782832655342816e+01
8.424960159732060561e+01
1.145003330571420719e+02
1.437146603595156762e+02
1.609792114443204127e+02
1.595941487569672574e+02
1.512750736967560670e+02
1.461835409944463890e+02
1.483431087940226973e+02
1.548581782213909719e+02
1.633334361209865051e+02
1.704692123110472153e+02
1.757031763824701329e+02
1.727566616512154951e+02
1.516866903851276618e+02
1.129886599570773456e+02
6.663098163569483745e+01
2.863358727442019713e+01
1.709282591229334258e+01
3.355000878685888921e+01
6.849010455767295014e+01
1.030600438875827081e+02
1.224816663941368517e+02
1.329976346580531583e+02
1.421233652630770052e+02
1.533557226040674664e+02
1.644913462373085054e+02
1.743534458112220591e+02
1.808698024524421157e+02
1.846991277595651582e+02
1.854380578524503562e+02
1.847123774734585311e+02
1.824461595623183996e+02
1.799488545952308414e+02
1.716569538226928273e+02
1.477491411962013785e+02
1.134141142139331748e+02
8.896887082854811979e+01
8.397050058633320191e+01
9.664818920814535375e+01
1.178420327365157902e+02
1.406559567638596207e+02
1.593914708090729278e+02
1.727231725542458776e+02
1.746320139890634664e+02
1.558988848591277474e+02
1.180573276114609769e+02
7.676073393700335146e+01
5.454418147572148001e+01
5.792253737515238043e+01
8.108340863567461554e+01
1.118838322687698934e+02
1.419094906991384732e+02
1.651102385606061205e+02
1.807113291310766101e+02
1.885276258262696842e+02
