0.000000000000000000e+00
0.000000000000000000e+00
0.000000000000000000e+00
<<<<<<< HEAD
1.391351117776375157e-01
5.999999999999999778e-01
7.280239638640226829e-01
8.557658939335446302e-01
5.812762101516195656e-01
1.505551669472596221e-01
-1.070809753031198297e-01
-2.921208595517155171e-02
4.683663962512994439e-01
5.116938089519590394e-01
3.572716981932929636e-01
5.763964196145620056e-01
6.167172090974434306e-01
7.541717154190104022e-01
5.174517818523495238e-01
1.181810061467875317e-01
-1.211955146010169071e-01
-3.469153442943054277e-02
4.664340301885291917e-01
6.501969300868453150e-01
8.179431073322456225e-01
7.043644165685897240e-01
7.444437278302493688e-01
4.796820316370853376e-01
2.258658504256270128e-01
4.605448638964080299e-01
5.455622268333165659e-01
7.186528417105851885e-01
5.021488009544231579e-01
2.514289805642566655e-01
4.767346071627979187e-01
4.143896596632870577e-01
1.219910337019481095e-01
-8.549564262193787290e-02
-1.430489249243001304e-01
2.361987304861594417e-02
5.307520901364658483e-01
6.937328483374962662e-01
8.410193639928964515e-01
7.147383943715882593e-01
7.485668339744944166e-01
6.202955865814356873e-01
6.872252171173258706e-01
5.887217512705616995e-01
6.733447124761173797e-01
5.833136810430136210e-01
6.714277577500631367e-01
5.826816904002624087e-01
6.712342786666534167e-01
5.826257234902675330e-01
6.712188673299374075e-01
5.826257234902675330e-01
6.712188673299374075e-01
5.826257234902675330e-01
6.712188673299374075e-01
4.434906117126299896e-01
2.103539791075749177e-01
4.546017596262448279e-01
5.434769372604153492e-01
7.179802954945551097e-01
5.019399105342973177e-01
2.513730136542617899e-01
4.767191958260819096e-01
5.535247714409246012e-01
7.219910337019481705e-01
6.425283212420848100e-01
7.127169690092445276e-01
4.657609714225980357e-01
2.204423688613629528e-01
4.586279091703537869e-01
4.057951244129278101e-01
1.184593626271754352e-01
5.233909373568061685e-02
4.565125635163584383e-01
4.732361011839487097e-01
1.864774284967316287e-01
9.721594297962955766e-02
4.800427430730666578e-01
6.228827029379997438e-01
7.906410902142555486e-01
6.875986495694436096e-01
7.363031154759476227e-01
4.762878727357274800e-01
2.246060305788868394e-01
4.601217636737826577e-01
5.454247146599017215e-01
7.186122861373063220e-01
6.412685013953446367e-01
7.122938687866191554e-01
6.047585710268206238e-01
6.812667015104465484e-01
4.475013499200229949e-01
7.267216626008733693e-02
-1.449191732411349021e-01
-4.525899131583888124e-02
4.622549571342893238e-01
5.095679638057789562e-01
2.174486288629093600e-01
-2.381247080556384704e-02
2.777239010106338779e-02
4.983904101487496852e-01
5.250644237871151532e-01
3.625268449107101332e-01
5.782728187673373821e-01
6.173337884034786338e-01
7.543651945024201222e-01
5.175077487623443995e-01
1.181964174835035686e-01
1.793959717662062248e-02
4.261733537929319748e-01
5.944579940525519524e-01
7.779388601563672623e-01
5.434534235503205579e-01
1.345082615865923203e-01
-1.131924144201300192e-01
-3.133793110135160709e-02
4.676784386985533559e-01
6.506200303094706872e-01
8.180806195056605779e-01
5.652698603642311026e-01
1.444591391669654556e-01
2.992829132833763062e-02
4.309648447144448502e-01
5.961814696951963644e-01
7.785148838891235989e-01
5.436314912970143798e-01
2.736993402742247117e-01
4.868229969165859816e-01
5.575509209850335601e-01
7.234443326320980638e-01
5.038722765970675699e-01
2.520050042970130022e-01
4.769126749094917406e-01
4.144456265732819888e-01
2.611415568163016898e-01
5.145043573780621049e-01
4.458399271620849813e-01
1.402506552045231503e-01
6.227455997933774301e-02
4.604981574871885863e-01
6.138091005550201373e-01
7.869564956293518820e-01
5.471226067985082153e-01
1.358491925798902267e-01
-1.127384915240725594e-01
-1.703355307055742229e-01
6.854106049469732564e-03
5.226114777821639912e-01
5.512035776585010316e-01
2.397595441461562449e-01
-1.370866971505974377e-02
-1.073365721324651134e-01
-1.001562909211003716e-01
7.578975061098769395e-02
5.677787627096587686e-01
5.748148683617669841e-01
3.894369685736392972e-01
5.904549920024640963e-01
6.221812462349863848e-01
7.561040814817806544e-01
6.572188842727382241e-01
7.183744852301973127e-01
4.677493043953632190e-01
2.210897708408302020e-01
4.588213882537636179e-01
4.058510913229227413e-01
2.576098857415289878e-01
5.132039819580430651e-01
4.454014156027435445e-01
2.792482548087458216e-01
5.230988926284213525e-01
5.885067100144951713e-01
7.415510306245421956e-01
6.516019236250643054e-01
7.164015635941481941e-01
4.671019024158959421e-01
8.176117997978289698e-02
-1.412345786562312633e-01
-4.391806032254097492e-02
4.627088800303467142e-01
6.488405877568313995e-01
8.174891844361882320e-01
7.042269043951748797e-01
7.444031722569706133e-01
4.796666203003692730e-01
2.258658504256270128e-01
4.605448638964080299e-01
5.455622268333165659e-01
7.186528417105851885e-01
6.412839127320606458e-01
7.122938687866191554e-01
6.047585710268206238e-01
6.812667015104465484e-01
4.475013499200229949e-01
7.267216626008733693e-02
-1.449191732411349021e-01
-1.843941030934763969e-01
1.390068911926806150e-03
5.206791117193937390e-01
6.897066987933873072e-01
8.395660650627464472e-01
5.751242154613305235e-01
2.875490222420010733e-01
4.922310671441340602e-01
5.594678757110878031e-01
7.240763232748492761e-01
6.432008674581148888e-01
7.129258594293703677e-01
6.049520501102304548e-01
6.813226684204414241e-01
5.866518730343766030e-01
6.726721662600874119e-01
5.831047906228878919e-01
6.713717908400682610e-01
4.435311672859088561e-01
7.123427866665342501e-02
-6.263128596117661928e-03
4.154529733963926996e-01
5.902383654250331624e-01
7.764295943162224933e-01
6.820940568586217889e-01
7.343553380764613614e-01
6.147909938706137556e-01
6.852774397178396093e-01
4.489546488501729438e-01
7.315123339270764025e-02
-1.447662497310039653e-01
-4.521843574256001475e-02
4.622703684710053329e-01
6.487030755834164442e-01
8.174486288629093655e-01
7.042114930584588706e-01
7.444031722569706133e-01
6.188017320780068165e-01
6.867307386479895026e-01
5.885688277604308460e-01
6.733041569028386242e-01
=======
-2.629653612597349088e-02
-1.134000000000000008e-01
-1.654235515258278000e-01
-2.817397539534399753e-01
-2.276389741359331476e-01
-7.960810533974101155e-02
2.176083271924276336e-02
8.221727435383943683e-02
1.713724177821752404e-01
1.514727050919386087e-01
4.121506069095476343e-02
-1.091722656034780220e-01
-1.297240135308947717e-01
-6.193931434898061750e-02
-5.148806522876371236e-03
1.598955628950954680e-02
1.577118829947719153e-02
3.202931114440452087e-02
1.011773551955890416e-01
6.338703244853388652e-02
-1.015836301184869644e-01
-1.541543320767653213e-01
-1.314108856639891187e-01
-6.659077656551036506e-02
2.853511742232845913e-02
1.758726327487168672e-01
1.426360240994276052e-01
-6.098479989650683331e-02
-1.340633014325766370e-01
-6.907718753997918459e-02
4.414008471236492703e-02
7.466174186281780700e-02
4.398355118769996241e-02
1.064494911911143156e-02
-5.396101819574984637e-03
-4.839039999430944095e-02
-1.792658213257816990e-01
-1.648606439985157157e-01
-3.874040648174269935e-02
-2.652062787535707823e-03
-1.275934969124961071e-01
-1.404428824898478478e-01
-5.550923382547086338e-02
6.212758872126566273e-02
2.500292169784956720e-01
2.493557519433416692e-01
1.457214906353845041e-01
2.188522620496066370e-02
-1.024728855449342918e-01
-1.154945919481032979e-01
-5.776511839432464657e-02
1.237658356104011370e-02
1.051449658736672566e-01
7.833155197691749061e-02
-6.615587109771027541e-02
-1.097108780034410785e-01
-8.354671095526061686e-02
-9.762868464241566957e-02
-9.137888649706597810e-02
-1.053062244720597562e-01
-7.112333292007053109e-02
3.450096077221811303e-02
2.338302287182271733e-01
2.732337371515116131e-01
2.675624561598097251e-01
1.285390814958968231e-01
-1.093616140588539870e-01
-1.764060853489632652e-01
-6.030227837720538581e-02
1.811420162812825418e-01
2.162761019558634423e-01
1.057658021775204071e-01
-4.614119785294536896e-02
-2.653456929602744929e-01
-2.622000264983651019e-01
-1.211644474160375184e-01
-5.541137383162266644e-02
-1.674117334342589136e-01
-1.335129288565142236e-01
6.377124101975489845e-02
1.128275221455359578e-01
-1.836802122188840869e-02
-7.708118908869421304e-02
1.837948493115817983e-03
2.082008420039155594e-01
2.463937800752212526e-01
2.028182103839906159e-01
6.148039544622773550e-02
-1.650621944249916484e-01
-1.826068986028938912e-01
-1.612921055521808478e-02
6.971471196785609947e-02
5.645172981358509423e-02
2.040290280878572296e-02
3.467134061779365839e-02
1.487764156090767564e-01
1.472169891392429708e-01
6.303344197017822503e-02
-3.728589532268930355e-03
-1.967883328088301104e-02
1.038108828464767708e-02
1.935802505593231179e-02
3.653739628963932617e-02
1.224573307762276547e-01
1.596801182887991610e-01
2.339946877421252569e-01
1.775218912773342261e-01
5.533115008525517353e-02
-1.826777265405902682e-03
5.022033995547577068e-02
7.937246012446744214e-02
1.151379563180765647e-01
8.241735668601349318e-02
1.945602264511701526e-02
-1.907364269073833288e-02
-1.230169135978551043e-02
4.519863168855466073e-02
8.223234543504012728e-02
1.489142900072348563e-01
1.208312105191913371e-01
4.130675245187293010e-02
-3.928604964663133525e-02
-1.427183728129624296e-01
-1.065342791698267316e-01
6.336893851147716583e-02
1.182984757181663460e-01
9.307133260977060174e-02
1.125701847610164757e-01
7.868895998606403874e-02
2.730164331833460217e-03
-3.489956047404428607e-02
1.059124480537875640e-02
1.682780979831199619e-01
1.760492139565989489e-01
1.211437075538276675e-01
1.843085882833186417e-01
1.507607211278600978e-01
4.883390570478747528e-02
-2.732114824037477907e-02
-6.607972303700328232e-02
-9.151118767386201558e-02
-1.747045633563113487e-01
-1.510497248375096413e-01
-6.159299435805334205e-02
3.939198879058488853e-03
2.698931455430660098e-02
6.114029937821923583e-02
1.721777288366069525e-01
1.615831817548050720e-01
7.018546646809313561e-02
-6.563470340337565490e-04
-2.699061857016532909e-02
-2.580800653603311859e-02
5.968976674423743384e-03
8.821824052221841073e-02
9.114550110214068857e-02
6.910970381548350860e-02
1.248700171061196823e-01
1.156389130061131892e-01
7.450170390690294409e-02
1.871010401600705156e-02
-3.518037475427856359e-02
-4.668228488456471065e-02
1.267679024661265419e-02
1.737313417136271687e-01
1.803282173684626621e-01
6.789328960483681508e-02
-5.457952211001339260e-02
-8.434633589981133106e-02
-1.074317888124449033e-01
-2.521951802688274236e-01
-2.768239024804183823e-01
-2.983912334294452906e-01
-1.633880586202011709e-01
8.308626068201228898e-02
1.665846799811621926e-01
1.146192544990272955e-01
4.478036261216939568e-02
4.799505885219086665e-02
1.786589384031423144e-01
1.907891625715729955e-01
1.414558455217043431e-01
6.229359385430884716e-02
1.352582253747928228e-03
-2.563802237935297948e-02
-6.882483281124708585e-02
-1.945637227969101435e-01
-2.159916612481804776e-01
-2.236834073678877211e-01
-1.537833756364989923e-01
-8.527902373742750342e-02
-6.944144988661890561e-02
-1.829190218434846860e-01
-1.659346260408013640e-01
-5.820150363724901910e-02
2.069613471102874427e-02
4.520341930163056243e-02
-1.605270375885408871e-02
-2.102277725302975353e-01
-2.438167534227925481e-01
-2.079044007438176356e-01
-1.064167434833823006e-01
-5.390360900521645043e-02
-1.630488031111572977e-01
-1.327206923220355939e-01
4.122613992359028257e-02
8.850205674895378349e-02
-2.835050807995900812e-02
-2.516932745249368317e-02
1.740031299638656048e-01
1.691477231610608312e-01
-6.644158328080600195e-02
-1.419772669623406425e-01
-3.496240313093440522e-02
3.707533144803315528e-02
3.841519704064810109e-02
1.181333843006347056e-02
-2.156780378518355357e-02
-8.069752742451946625e-02
-2.469835885232755657e-01
-1.807619042299335455e-01
1.201413046629280917e-01
2.135591220768264797e-01
1.121566421963724053e-01
1.417882173094705579e-02
-2.286459316387867702e-02
-2.289200001121057676e-02
-4.639990302491890650e-02
-1.489822395243676767e-01
-1.062837576649302979e-01
9.500190655758333769e-02
1.569764626265559848e-01
9.850698202069631260e-02
>>>>>>> 4259e201ec658cbdf2628bb5143e0b3082a922bb
