6 23 15
6 24 11
6 27 15
6 28 14
6 31 16
7 21 15
7 25 16
7 29 16
7 31 12
7 31 18
7 32 11
7 34 14
7 34 17
7 39 13
8 19 14
8 21 18
8 23 19
8 26 19
8 28 9
8 28 16
8 32 10
8 33 11
8 34 17
8 37 18
8 39 12
8 41 1
9 21 19
9 22 20
9 23 17
9 28 12
9 28 22
9 29 11
9 29 21
9 30 9
9 32 12
9 33 11
9 33 17
9 33 20
9 35 7
9 35 8
9 36 18
9 39 15
9 42 7
9 42 12
10 16 13
10 17 17
10 18 17
10 19 19
10 19 26
10 20 10
10 20 15
10 21 16
10 22 10
10 23 0
10 24 15
10 24 17
10 24 26
10 25 11
10 25 16
10 26 17
10 26 18
10 26 25
10 28 12
10 28 18
10 29 17
10 29 25
10 30 12
10 31 17
10 33 19
10 34 0
10 35 10
10 36 0
10 36 11
10 36 13
10 37 4
10 39 5
10 39 15
10 40 18
10 41 10
10 41 17
10 42 9
11 14 15
11 19 15
11 19 16
11 20 15
11 21 9
11 21 15
11 21 17
11 21 19
11 22 17
11 22 18
11 23 0
11 24 12
11 24 17
11 26 9
11 26 27
11 27 14
11 27 18
11 27 20
11 28 9
11 28 17
11 29 17
11 29 20
11 30 15
11 30 21
11 31 12
11 31 16
11 32 12
11 32 22
11 33 16
11 34 17
11 35 12
11 37 0
11 37 7
11 37 20
11 38 4
11 38 16
11 38 21
11 39 3
11 39 4
11 40 17
11 41 6
11 43 8
11 43 11
11 44 2
12 8 16
12 14 13
12 16 12
12 16 27
12 18 15
12 18 18
12 19 11
12 21 1
12 21 11
12 22 0
12 22 16
12 22 20
12 23 13
12 23 16
12 24 13
12 24 20
12 25 10
12 25 12
12 26 16
12 26 18
12 27 20
12 29 12
12 29 15
12 29 23
12 30 9
12 30 14
12 30 15
12 30 16
12 30 20
12 30 22
12 30 24
12 31 0
12 31 9
12 31 15
12 31 24
12 32 0
12 32 11
12 32 14
12 32 16
12 33 0
12 33 12
12 33 19
12 33 22
12 34 9
12 34 15
12 34 25
12 35 2
12 35 7
12 35 8
12 35 17
12 36 2
12 36 6
12 37 24
12 38 8
12 38 14
12 38 16
12 40 8
12 41 10
12 41 20
12 43 7
12 44 8
12 44 10
12 45 8
12 46 2
12 46 13
12 47 13
12 48 11
13 7 16
13 8 17
13 13 18
13 15 15
13 16 12
13 16 15
13 17 14
13 17 19
13 18 18
13 19 18
13 21 0
13 21 23
13 22 8
13 22 23
13 23 24
13 24 23
13 25 13
13 25 15
13 25 20
13 25 26
13 26 12
13 26 14
13 26 16
13 26 23
13 27 13
13 27 14
13 27 17
13 28 21
13 29 15
13 29 20
13 29 26
13 30 13
13 30 14
13 30 15
13 30 16
13 30 20
13 31 0
13 31 16
13 31 18
13 32 10
13 32 12
13 32 19
13 33 0
13 33 8
13 33 14
13 33 18
13 34 13
13 35 2
13 35 8
13 35 9
13 35 17
13 35 20
13 36 16
13 36 17
13 38 1
13 38 14
13 38 18
13 38 24
13 39 6
13 42 2
13 44 20
13 46 8
13 46 10
13 47 16
14 8 14
14 8 18
14 15 12
14 15 15
14 15 16
14 15 18
14 16 18
14 17 15
14 17 18
14 17 19
14 18 19
14 19 21
14 20 25
14 21 10
14 21 15
14 21 18
14 21 24
14 22 18
14 22 24
14 23 12
14 23 15
14 23 20
14 23 22
14 24 14
14 24 26
14 25 17
14 25 23
14 25 24
14 25 26
14 26 14
14 26 24
14 27 10
14 27 11
14 27 17
14 28 14
14 28 20
14 29 16
14 29 20
14 30 13
14 30 14
14 30 19
14 31 0
14 31 10
14 31 24
14 31 25
14 32 0
14 32 11
14 32 14
14 32 15
14 32 16
14 33 18
14 33 21
14 33 22
14 33 23
14 33 25
14 34 17
14 34 19
14 34 22
14 34 23
14 35 10
14 35 22
14 36 8
14 36 16
14 36 18
14 37 19
14 38 25
14 39 2
14 39 15
14 39 20
14 40 14
14 40 18
14 41 17
14 42 4
14 42 12
14 43 8
14 43 16
14 44 8
14 45 9
14 45 20
14 46 20
14 47 20
15 9 16
15 12 14
15 12 15
15 13 14
15 13 15
15 13 16
15 14 16
15 14 17
15 15 9
15 15 15
15 15 18
15 16 8
15 16 15
15 16 21
15 17 15
15 17 16
15 17 21
15 17 23
15 18 12
15 19 17
15 19 21
15 20 15
15 21 14
15 21 15
15 21 17
15 21 25
15 22 1
15 22 2
15 22 16
15 22 18
15 23 18
15 25 14
15 25 15
15 25 23
15 25 25
15 26 17
15 26 24
15 27 18
15 28 16
15 28 18
15 28 26
15 28 27
15 29 7
15 29 16
15 29 20
15 29 25
15 29 26
15 29 27
15 30 12
15 30 13
15 30 25
15 31 14
15 31 20
15 32 12
15 32 16
15 33 24
15 34 10
15 34 15
15 34 19
15 34 22
15 36 0
15 36 13
15 36 18
15 37 9
15 37 16
15 38 6
15 38 11
15 39 4
15 40 9
15 40 18
15 41 9
15 41 19
15 42 12
15 42 14
15 42 17
15 42 18
15 43 4
15 43 15
15 44 15
15 45 3
15 45 4
15 47 9
15 47 15
15 49 11
15 50 13
16 11 10
16 11 14
16 11 26
16 12 14
16 12 15
16 12 17
16 12 22
16 13 17
16 14 0
16 14 16
16 15 0
16 15 10
16 15 15
16 15 22
16 16 15
16 16 16
16 16 23
16 17 12
16 17 19
16 18 12
16 18 16
16 18 23
16 19 8
16 19 11
16 19 25
16 20 0
16 20 15
16 20 16
16 20 21
16 21 0
16 21 13
16 21 22
16 22 9
16 22 21
16 23 23
16 23 25
16 24 13
16 24 21
16 24 22
16 24 25
16 25 16
16 25 17
16 25 22
16 25 23
16 26 11
16 26 18
16 27 16
16 27 17
16 27 18
16 27 26
16 28 12
16 28 16
16 28 22
16 28 28
16 29 17
16 29 21
16 30 9
16 30 22
16 31 13
16 31 20
16 32 13
16 32 17
16 32 21
16 33 10
16 33 22
16 33 25
16 34 10
16 34 14
16 34 23
16 34 24
16 35 15
16 35 21
16 35 24
16 36 13
16 38 9
16 39 18
16 41 8
16 41 9
16 43 10
16 43 15
16 44 8
16 44 15
16 45 7
16 45 9
16 45 10
16 45 17
16 45 18
16 46 10
16 46 16
16 46 22
16 47 13
16 48 15
16 49 9
16 49 14
16 49 20
16 49 21
16 51 15
16 51 18
17 6 6
17 9 8
17 10 12
17 10 14
17 11 10
17 11 14
17 11 17
17 11 18
17 12 8
17 12 14
17 12 17
17 13 17
17 13 23
17 14 16
17 14 17
17 14 23
17 15 16
17 15 21
17 15 22
17 15 23
17 16 20
17 18 9
17 18 15
17 18 16
17 19 9
17 19 19
17 19 21
17 20 11
17 20 20
17 21 0
17 21 14
17 22 1
17 22 17
17 22 21
17 22 23
17 23 10
17 23 12
17 23 21
17 23 25
17 23 27
17 24 2
17 24 14
17 24 20
17 24 27
17 25 16
17 25 18
17 25 22
17 26 16
17 26 23
17 26 25
17 27 0
17 27 1
17 27 16
17 28 1
17 28 17
17 28 19
17 28 23
17 28 27
17 29 17
17 29 18
17 30 9
17 30 20
17 30 23
17 31 13
17 31 16
17 31 17
17 32 11
17 32 24
17 32 25
17 33 17
17 33 20
17 33 24
17 34 11
17 34 24
17 35 19
17 35 20
17 36 11
17 36 22
17 37 10
17 37 15
17 38 7
17 38 16
17 38 20
17 41 7
17 41 8
17 41 10
17 41 17
17 41 23
17 42 7
17 42 13
17 42 20
17 43 8
17 43 12
17 44 16
17 44 20
17 44 25
17 46 9
17 46 15
17 47 18
17 49 8
17 50 7
17 50 11
17 52 11
18 8 7
18 9 8
18 9 15
18 9 16
18 9 20
18 9 25
18 10 14
18 10 16
18 10 17
18 11 12
18 11 17
18 11 19
18 12 12
18 12 17
18 12 20
18 13 8
18 13 17
18 14 11
18 14 15
18 14 17
18 14 19
18 14 23
18 15 19
18 15 23
18 16 21
18 17 18
18 17 21
18 17 26
18 18 25
18 18 26
18 19 1
18 19 6
18 19 12
18 19 15
18 19 22
18 19 24
18 20 1
18 20 15
18 20 26
18 21 8
18 21 13
18 22 25
18 22 26
18 22 33
18 23 15
18 24 1
18 24 24
18 24 25
18 25 21
18 25 23
18 25 28
18 26 0
18 26 14
18 26 25
18 27 0
18 27 12
18 27 18
18 27 23
18 27 25
18 28 10
18 28 14
18 28 17
18 28 21
18 28 27
18 29 8
18 29 11
18 29 16
18 29 17
18 29 18
18 29 22
18 30 15
18 30 17
18 30 20
18 31 24
18 31 26
18 31 27
18 32 8
18 32 21
18 32 23
18 32 24
18 32 26
18 33 13
18 33 16
18 33 17
18 33 23
18 33 24
18 34 0
18 34 10
18 34 12
18 34 20
18 35 0
18 35 10
18 35 13
18 35 24
18 36 7
18 36 13
18 36 19
18 37 9
18 37 11
18 37 15
18 38 10
18 38 12
18 38 19
18 39 16
18 39 28
18 40 19
18 40 28
18 41 8
18 41 10
18 41 16
18 41 23
18 41 24
18 41 25
18 42 8
18 42 9
18 42 20
18 43 10
18 43 18
18 44 13
18 44 21
18 45 17
18 45 19
18 46 9
18 46 12
18 46 15
18 46 20
18 48 10
18 48 16
18 50 22
18 51 19
18 53 15
18 53 16
19 6 12
19 8 3
19 9 13
19 10 7
19 10 23
19 11 4
19 11 17
19 12 17
19 12 18
19 12 29
19 13 12
19 14 16
19 14 18
19 14 24
19 15 20
19 15 23
19 15 24
19 16 19
19 16 24
19 17 21
19 18 19
19 18 22
19 18 24
19 18 25
19 19 12
19 19 17
19 19 21
19 20 23
19 20 26
19 20 28
19 21 17
19 21 24
19 22 12
19 22 24
19 23 24
19 24 20
19 24 26
19 25 15
19 26 12
19 26 17
19 26 20
19 26 21
19 26 22
19 26 24
19 26 25
19 26 29
19 27 12
19 27 24
19 28 17
19 29 11
19 29 16
19 30 7
19 30 9
19 30 23
19 30 27
19 31 11
19 31 15
19 31 16
19 31 21
19 31 28
19 32 0
19 32 20
19 32 21
19 32 23
19 32 25
19 33 13
19 33 15
19 33 17
19 33 18
19 33 25
19 34 15
19 34 18
19 34 23
19 34 24
19 34 27
19 35 9
19 36 8
19 37 16
19 37 21
19 37 22
19 37 25
19 37 26
19 38 8
19 38 12
19 38 13
19 39 6
19 39 12
19 39 29
19 41 5
19 41 6
19 41 8
19 41 20
19 41 23
19 42 6
19 43 13
19 44 7
19 44 16
19 45 1
19 45 2
19 46 19
19 47 2
19 48 3
19 48 17
19 48 18
19 50 12
19 51 3
19 53 14
19 55 13
20 5 19
20 7 5
20 7 24
20 9 27
20 10 14
20 10 19
20 10 20
20 11 14
20 11 19
20 12 16
20 12 19
20 12 20
20 12 22
20 13 7
20 13 13
20 13 23
20 14 14
20 14 21
20 14 25
20 14 26
20 15 17
20 15 22
20 16 13
20 16 17
20 16 21
20 17 13
20 17 20
20 17 26
20 18 12
20 18 13
20 18 18
20 18 27
20 19 7
20 19 19
20 20 1
20 20 19
20 20 22
20 21 16
20 22 13
20 22 18
20 22 23
20 22 25
20 22 28
20 22 29
20 23 13
20 23 18
20 23 24
20 23 26
20 24 26
20 25 16
20 25 21
20 25 22
20 25 24
20 26 14
20 26 29
20 26 30
20 27 7
20 27 24
20 27 28
20 28 16
20 28 27
20 28 28
20 29 1
20 29 16
20 29 21
20 30 0
20 30 6
20 30 23
20 30 26
20 30 28
20 31 28
20 31 29
20 32 11
20 32 14
20 32 22
20 32 33
20 33 8
20 33 22
20 33 33
20 35 15
20 35 17
20 35 19
20 35 21
20 35 22
20 36 26
20 37 8
20 37 12
20 37 23
20 37 24
20 38 7
20 38 12
20 38 13
20 39 8
20 39 20
20 39 22
20 40 4
20 40 18
20 40 20
20 40 21
20 41 7
20 41 16
20 41 18
20 41 23
20 42 11
20 42 19
20 44 9
20 44 15
20 45 19
20 47 9
20 47 22
20 48 13
20 48 15
20 49 10
20 49 16
20 51 3
20 51 11
20 51 13
20 56 11
21 4 19
21 5 12
21 5 13
21 9 10
21 10 10
21 10 12
21 10 16
21 10 20
21 10 21
21 10 22
21 11 4
21 11 15
21 11 19
21 11 22
21 12 12
21 12 15
21 12 16
21 12 19
21 13 21
21 13 25
21 14 5
21 14 17
21 14 21
21 14 24
21 14 25
21 15 4
21 15 6
21 15 17
21 16 4
21 17 5
21 17 13
21 17 27
21 17 28
21 18 0
21 18 18
21 18 28
21 19 7
21 19 15
21 19 24
21 20 6
21 20 14
21 20 16
21 20 23
21 21 7
21 21 11
21 21 17
21 21 25
21 21 28
21 22 14
21 22 20
21 22 28
21 22 29
21 23 1
21 23 19
21 23 20
21 23 28
21 24 11
21 25 19
21 26 19
21 26 24
21 26 25
21 27 22
21 27 26
21 27 28
21 28 10
21 29 7
21 29 14
21 29 18
21 29 20
21 29 21
21 29 29
21 30 27
21 31 0
21 31 8
21 31 10
21 31 13
21 31 24
21 31 28
21 32 1
21 32 15
21 32 20
21 32 26
21 32 27
21 34 4
21 34 9
21 34 17
21 34 28
21 35 8
21 35 12
21 35 16
21 36 8
21 37 13
21 37 16
21 38 10
21 38 15
21 38 16
21 38 19
21 39 8
21 39 13
21 39 18
21 39 19
21 41 9
21 41 10
21 42 21
21 43 24
21 44 16
21 45 3
21 46 12
21 46 16
21 47 5
21 47 15
21 48 3
21 51 13
21 52 11
21 54 13
22 7 9
22 7 26
22 8 7
22 8 13
22 8 17
22 9 16
22 9 17
22 9 20
22 10 16
22 10 19
22 10 20
22 10 22
22 10 29
22 11 8
22 11 17
22 12 16
22 12 17
22 13 14
22 13 17
22 13 22
22 14 18
22 14 23
22 14 27
22 15 16
22 15 19
22 16 8
22 16 9
22 16 26
22 16 27
22 18 13
22 18 15
22 18 18
22 18 24
22 18 26
22 18 29
22 19 19
22 20 6
22 20 7
22 20 17
22 20 25
22 21 12
22 21 25
22 22 14
22 22 21
22 22 23
22 22 26
22 23 19
22 23 20
22 23 21
22 24 12
22 24 21
22 25 13
22 25 23
22 26 11
22 26 20
22 26 24
22 26 25
22 26 28
22 27 1
22 27 19
22 27 25
22 29 14
22 29 29
22 30 2
22 30 9
22 30 15
22 31 0
22 31 9
22 31 10
22 31 17
22 31 30
22 32 9
22 32 22
22 33 9
22 33 18
22 33 23
22 35 15
22 36 7
22 36 22
22 37 8
22 37 19
22 37 20
22 37 24
22 38 18
22 38 24
22 38 26
22 39 18
22 40 24
22 41 21
22 42 12
22 42 24
22 43 1
22 43 18
22 44 5
22 44 6
22 44 23
22 45 4
22 47 2
22 47 3
22 47 16
22 48 3
22 48 13
22 49 8
22 51 8
22 51 13
22 51 18
22 55 17
23 0 15
23 1 15
23 4 8
23 6 6
23 8 10
23 8 19
23 9 19
23 10 1
23 10 7
23 10 15
23 10 21
23 10 23
23 11 15
23 11 25
23 12 7
23 12 20
23 12 25
23 13 24
23 14 9
23 14 18
23 14 26
23 14 27
23 15 27
23 16 7
23 16 24
23 16 25
23 17 22
23 17 29
23 18 9
23 19 15
23 19 19
23 19 25
23 19 28
23 20 8
23 20 9
23 20 24
23 20 28
23 21 6
23 21 14
23 21 16
23 21 21
23 21 25
23 21 27
23 21 28
23 21 29
23 22 25
23 23 19
23 23 21
23 23 22
23 23 30
23 24 19
23 25 15
23 25 17
23 26 25
23 26 31
23 27 25
23 28 13
23 28 16
23 28 21
23 28 27
23 29 8
23 29 10
23 30 0
23 30 8
23 30 9
23 30 26
23 31 13
23 31 26
23 32 7
23 32 11
23 33 13
23 33 21
23 33 26
23 33 27
23 34 9
23 34 10
23 34 14
23 34 26
23 34 27
23 35 15
23 36 25
23 37 11
23 38 16
23 38 18
23 39 18
23 39 25
23 39 26
23 41 6
23 41 26
23 42 22
23 42 25
23 43 23
23 44 5
23 44 25
23 45 18
23 45 23
23 46 3
23 46 7
23 47 7
23 47 9
23 47 10
23 47 21
23 48 12
23 48 14
23 48 16
23 49 12
23 49 15
23 50 12
23 50 18
23 53 9
24 3 22
24 4 23
24 6 27
24 7 11
24 9 12
24 9 16
24 10 15
24 10 17
24 10 21
24 10 30
24 11 10
24 11 21
24 11 25
24 13 12
24 13 16
24 14 9
24 14 15
24 14 26
24 15 15
24 16 7
24 16 10
24 16 16
24 16 21
24 16 25
24 16 28
24 17 29
24 18 5
24 18 8
24 18 27
24 18 28
24 19 14
24 19 20
24 19 25
24 20 7
24 20 8
24 20 19
24 20 27
24 21 9
24 21 18
24 21 19
24 21 22
24 22 2
24 22 8
24 22 14
24 22 19
24 22 25
24 22 26
24 22 27
24 23 12
24 23 14
24 23 17
24 23 21
24 23 28
24 24 10
24 24 19
24 24 20
24 25 20
24 25 23
24 25 26
24 25 31
24 26 15
24 26 16
24 26 26
24 27 23
24 28 15
24 29 12
24 29 28
24 30 8
24 30 19
24 30 21
24 30 22
24 31 9
24 31 23
24 31 24
24 31 25
24 31 30
24 32 7
24 32 10
24 32 17
24 32 21
24 33 7
24 33 11
24 33 23
24 33 27
24 34 10
24 34 14
24 34 27
24 35 20
24 35 21
24 36 6
24 36 8
24 36 9
24 36 17
24 36 19
24 37 18
24 37 19
24 37 20
24 37 24
24 38 12
24 38 20
24 38 24
24 39 11
24 39 13
24 39 19
24 39 23
24 39 24
24 39 26
24 40 21
24 41 16
24 41 21
24 41 25
24 42 13
24 42 15
24 42 19
24 42 24
24 43 18
24 43 20
24 43 24
24 44 20
24 45 24
24 46 17
24 46 20
24 46 22
24 47 8
24 47 9
24 47 21
24 48 9
24 49 8
24 50 12
24 50 16
24 50 20
24 51 4
24 51 18
25 4 8
25 6 11
25 6 19
25 7 13
25 9 11
25 9 15
25 9 17
25 10 5
25 10 6
25 10 13
25 10 14
25 10 20
25 11 0
25 12 3
25 12 8
25 12 18
25 12 19
25 12 23
25 13 7
25 13 21
25 14 6
25 14 11
25 14 14
25 14 15
25 14 23
25 14 25
25 16 11
25 16 24
25 16 26
25 16 28
25 17 6
25 17 15
25 17 22
25 17 23
25 17 28
25 18 27
25 19 13
25 19 23
25 19 24
25 19 27
25 20 9
25 20 10
25 20 23
25 20 30
25 21 3
25 21 9
25 21 16
25 22 7
25 22 18
25 23 9
25 23 21
25 24 17
25 24 19
25 24 20
25 24 24
25 25 18
25 25 19
25 25 28
25 25 30
25 25 31
25 26 11
25 26 15
25 26 16
25 26 29
25 26 31
25 27 0
25 27 17
25 27 23
25 28 10
25 28 13
25 28 17
25 28 18
25 28 21
25 29 10
25 29 29
25 30 16
25 30 28
25 31 13
25 31 15
25 32 10
25 32 14
25 33 11
25 33 21
25 34 10
25 34 14
25 35 15
25 36 18
25 37 28
25 38 24
25 38 25
25 38 27
25 39 9
25 39 25
25 40 3
25 40 16
25 40 23
25 41 23
25 42 12
25 42 21
25 43 11
25 43 16
25 43 17
25 44 11
25 44 16
25 44 20
25 45 16
25 45 24
25 46 13
25 47 20
25 48 8
25 48 13
25 49 12
25 49 15
25 50 11
25 50 15
25 51 8
25 51 9
25 51 18
25 52 7
25 52 8
25 52 15
25 52 17
25 53 16
25 54 8
25 56 13
26 0 18
26 2 21
26 6 18
26 6 27
26 8 18
26 8 19
26 9 14
26 9 17
26 9 23
26 10 10
26 10 15
26 11 6
26 11 16
26 11 23
26 11 24
26 12 0
26 12 3
26 12 8
26 12 15
26 12 21
26 13 11
26 13 21
26 13 24
26 14 15
26 14 17
26 15 5
26 15 15
26 15 27
26 16 16
26 16 24
26 16 28
26 17 12
26 17 25
26 17 28
26 18 6
26 18 26
26 18 29
26 19 5
26 19 16
26 19 18
26 19 24
26 20 17
26 21 9
26 21 12
26 21 24
26 22 2
26 22 9
26 22 14
26 22 28
26 23 8
26 24 8
26 24 14
26 24 16
26 24 20
26 24 22
26 25 17
26 25 19
26 25 24
26 25 25
26 25 31
26 27 28
26 27 31
26 28 10
26 28 17
26 28 18
26 28 21
26 29 31
26 30 14
26 30 17
26 31 16
26 32 20
26 32 31
26 33 19
26 34 14
26 34 19
26 34 26
26 35 7
26 35 21
26 36 8
26 36 14
26 37 17
26 38 23
26 39 8
26 39 15
26 39 17
26 39 20
26 40 25
26 41 13
26 41 19
26 41 20
26 42 16
26 43 26
26 43 30
26 44 7
26 44 14
26 45 8
26 45 21
26 45 23
26 45 29
26 46 10
26 46 24
26 47 9
26 48 21
26 49 12
26 51 8
26 51 10
26 52 9
26 52 16
26 54 8
27 0 19
27 4 26
27 5 2
27 5 27
27 6 28
27 7 12
27 8 22
27 9 10
27 9 14
27 9 18
27 10 18
27 10 19
27 11 21
27 11 23
27 11 26
27 13 10
27 13 11
27 13 22
27 14 17
27 14 27
27 15 12
27 15 13
27 15 15
27 16 5
27 16 27
27 17 14
27 17 29
27 18 7
27 18 9
27 18 22
27 18 26
27 20 6
27 20 11
27 20 23
27 20 25
27 20 26
27 20 27
27 20 30
27 21 17
27 21 22
27 22 7
27 22 25
27 23 15
27 23 26
27 24 14
27 24 19
27 24 28
27 24 32
27 25 32
27 26 15
27 26 18
27 27 16
27 27 19
27 27 31
27 28 13
27 28 16
27 28 30
27 28 31
27 29 18
27 30 18
27 31 10
27 31 26
27 32 9
27 32 10
27 32 25
27 32 26
27 32 28
27 33 19
27 33 24
27 34 8
27 34 24
27 34 29
27 35 14
27 35 18
27 35 30
27 36 25
27 36 28
27 36 29
27 37 9
27 38 27
27 39 13
27 39 21
27 39 22
27 40 15
27 40 19
27 40 20
27 41 26
27 41 27
27 42 18
27 42 25
27 44 18
27 44 25
27 45 18
27 46 19
27 47 19
27 49 8
27 50 7
27 50 14
27 51 9
27 53 8
27 54 8
28 4 8
28 7 21
28 8 2
28 9 9
28 10 0
28 10 16
28 10 18
28 10 19
28 10 20
28 10 22
28 11 11
28 12 8
28 12 15
28 12 22
28 12 24
28 13 17
28 13 23
28 14 14
28 14 17
28 15 19
28 15 21
28 15 25
28 16 6
28 16 21
28 16 22
28 16 27
28 17 6
28 17 18
28 17 27
28 17 29
28 18 17
28 18 22
28 19 16
28 19 20
28 19 24
28 19 26
28 19 28
28 19 29
28 20 12
28 20 21
28 21 18
28 21 26
28 22 16
28 23 15
28 23 19
28 23 26
28 23 27
28 23 29
28 23 32
28 24 15
28 24 21
28 24 22
28 24 23
28 24 24
28 24 26
28 25 25
28 25 28
28 26 6
28 26 15
28 26 18
28 27 12
28 27 20
28 27 27
28 27 31
28 28 19
28 28 22
28 28 24
28 28 31
28 29 29
28 29 31
28 30 9
28 30 18
28 30 19
28 30 24
28 31 10
28 31 15
28 31 18
28 31 20
28 31 27
28 32 9
28 32 18
28 32 24
28 33 11
28 33 18
28 33 21
28 33 23
28 34 25
28 35 11
28 35 16
28 35 27
28 36 7
28 36 11
28 37 24
28 38 13
28 38 14
28 39 17
28 39 19
28 40 8
28 41 8
28 41 10
28 41 17
28 42 11
28 42 26
28 44 9
28 44 17
28 48 7
28 49 7
28 51 8
28 51 15
28 51 16
28 51 18
28 52 6
28 52 9
28 54 8
29 4 5
29 4 10
29 4 13
29 6 0
29 7 22
29 7 23
29 8 12
29 8 13
29 10 22
29 10 23
29 10 24
29 11 4
29 11 14
29 11 17
29 12 15
29 12 23
29 13 20
29 13 25
29 14 5
29 14 20
29 14 28
29 15 3
29 15 9
29 15 17
29 15 18
29 15 21
29 15 27
29 16 4
29 16 19
29 16 25
29 16 27
29 16 29
29 17 13
29 17 20
29 17 23
29 17 25
29 17 27
29 18 19
29 18 28
29 19 22
29 20 4
29 20 19
29 20 25
29 21 7
29 21 14
29 21 22
29 21 26
29 21 30
29 22 7
29 22 21
29 22 24
29 22 31
29 22 32
29 23 11
29 23 16
29 23 22
29 23 30
29 23 31
29 24 0
29 24 23
29 24 26
29 25 10
29 25 14
29 25 16
29 25 19
29 25 30
29 26 14
29 26 22
29 26 26
29 26 30
29 26 31
29 27 16
29 27 20
29 28 10
29 28 18
29 29 16
29 29 18
29 29 27
29 30 17
29 30 18
29 30 22
29 30 23
29 30 24
29 30 28
29 31 12
29 31 19
29 31 25
29 31 27
29 32 16
29 32 18
29 33 9
29 33 18
29 33 28
29 33 29
29 33 32
29 34 13
29 34 15
29 34 21
29 34 31
29 35 13
29 35 15
29 35 18
29 36 13
29 36 15
29 36 26
29 37 9
29 37 18
29 38 16
29 38 25
29 39 11
29 39 27
29 40 24
29 41 9
29 43 26
29 45 8
29 47 22
29 48 9
29 48 10
29 48 20
29 50 8
29 51 6
29 52 9
29 52 14
29 54 8
29 56 13
30 3 10
30 5 9
30 6 0
30 6 1
30 6 3
30 6 6
30 6 16
30 6 29
30 7 16
30 7 23
30 8 16
30 8 18
30 8 24
30 10 12
30 10 21
30 11 13
30 11 21
30 11 22
30 11 23
30 11 24
30 11 25
30 11 26
30 12 5
30 12 20
30 12 22
30 12 24
30 12 25
30 13 6
30 14 18
30 14 19
30 14 23
30 15 12
30 15 19
30 15 20
30 15 23
30 16 11
30 16 18
30 16 26
30 16 29
30 17 17
30 17 26
30 17 29
30 18 3
30 18 10
30 18 22
30 19 5
30 19 17
30 19 23
30 20 5
30 20 6
30 20 15
30 20 23
30 20 28
30 21 14
30 21 19
30 21 27
30 22 8
30 22 19
30 22 20
30 22 25
30 22 26
30 22 31
30 23 17
30 23 18
30 23 20
30 23 23
30 23 24
30 23 25
30 23 29
30 23 30
30 23 32
30 24 6
30 24 16
30 24 17
30 24 23
30 24 24
30 24 26
30 25 5
30 25 11
30 25 14
30 25 16
30 25 21
30 25 22
30 25 26
30 25 31
30 26 26
30 26 27
30 27 5
30 27 24
30 27 29
30 28 16
30 28 17
30 28 20
30 28 28
30 29 17
30 30 18
30 31 12
30 31 16
30 31 24
30 31 29
30 32 17
30 32 30
30 33 24
30 33 29
30 34 24
30 34 26
30 34 27
30 35 12
30 35 14
30 35 15
30 35 16
30 35 19
30 35 26
30 35 27
30 36 11
30 36 14
30 36 16
30 36 22
30 37 24
30 38 14
30 38 19
30 38 28
30 39 12
30 39 16
30 41 21
30 41 25
30 42 20
30 42 21
30 42 26
30 43 12
30 43 13
30 43 23
30 43 26
30 44 10
30 44 13
30 44 16
30 45 8
30 47 10
30 48 10
30 49 14
30 50 8
30 51 15
30 51 20
30 53 7
30 53 8
30 55 13
31 6 7
31 7 16
31 7 17
31 8 17
31 8 20
31 9 19
31 9 25
31 10 22
31 10 24
31 11 20
31 11 23
31 11 24
31 12 15
31 12 16
31 12 18
31 12 21
31 12 22
31 12 23
31 12 24
31 13 1
31 13 4
31 13 16
31 13 18
31 13 19
31 13 21
31 13 29
31 14 23
31 14 25
31 15 23
31 16 7
31 16 17
31 16 21
31 16 22
31 16 27
31 17 8
31 17 15
31 17 19
31 17 27
31 17 29
31 18 9
31 18 14
31 18 17
31 18 19
31 18 20
31 18 25
31 18 26
31 18 27
31 19 12
31 19 27
31 20 9
31 20 25
31 20 27
31 21 9
31 21 17
31 21 21
31 21 28
31 22 6
31 22 19
31 22 21
31 22 25
31 22 30
31 23 6
31 23 17
31 23 24
31 23 25
31 23 26
31 23 28
31 23 29
31 24 22
31 24 23
31 24 27
31 24 32
31 25 6
31 25 9
31 25 23
31 25 28
31 25 32
31 26 15
31 26 16
31 26 28
31 26 30
31 27 16
31 27 22
31 27 24
31 27 26
31 27 29
31 28 17
31 28 19
31 28 20
31 28 23
31 28 26
31 28 30
31 29 8
31 29 16
31 29 20
31 29 27
31 29 29
31 29 31
31 30 16
31 30 17
31 30 23
31 31 15
31 31 20
31 31 23
31 31 25
31 31 26
31 31 31
31 32 10
31 32 11
31 32 24
31 32 25
31 33 13
31 35 10
31 35 13
31 35 15
31 35 17
31 35 27
31 36 16
31 36 25
31 37 6
31 37 20
31 37 24
31 37 29
31 38 19
31 38 20
31 38 26
31 38 27
31 39 18
31 39 26
31 39 27
31 40 23
31 41 21
31 41 22
31 41 23
31 42 21
31 43 13
31 43 19
31 44 13
31 44 19
31 44 21
31 45 10
31 45 16
31 45 17
31 45 21
31 45 22
31 46 23
31 47 7
31 47 8
31 47 9
31 48 6
31 49 11
31 50 18
31 50 19
31 50 20
31 51 8
31 51 10
31 63 17
32 4 26
32 6 5
32 6 14
32 6 15
32 7 19
32 8 20
32 10 26
32 11 8
32 11 11
32 11 25
32 11 27
32 12 16
32 12 18
32 12 19
32 12 21
32 12 23
32 12 24
32 13 12
32 13 17
32 13 21
32 13 26
32 14 17
32 14 25
32 14 26
32 15 10
32 15 17
32 15 22
32 16 1
32 16 8
32 16 13
32 16 14
32 16 19
32 16 28
32 17 2
32 17 13
32 17 20
32 17 23
32 17 24
32 17 27
32 17 31
32 18 2
32 18 15
32 18 23
32 18 25
32 18 26
32 18 27
32 18 28
32 18 29
32 19 10
32 19 25
32 19 27
32 20 1
32 20 3
32 20 4
32 20 20
32 20 23
32 20 25
32 20 27
32 21 17
32 21 19
32 21 26
32 21 27
32 21 29
32 22 10
32 23 8
32 23 17
32 24 15
32 24 18
32 25 23
32 26 22
32 26 23
32 26 24
32 26 30
32 26 31
32 27 23
32 27 28
32 28 10
32 28 17
32 28 23
32 28 26
32 29 6
32 29 16
32 29 17
32 29 21
32 29 26
32 30 6
32 30 15
32 30 16
32 31 15
32 31 21
32 31 23
32 32 9
32 32 11
32 32 15
32 32 18
32 33 10
32 33 12
32 33 19
32 33 29
32 34 11
32 34 15
32 34 17
32 34 25
32 34 27
32 34 28
32 34 29
32 35 11
32 35 16
32 35 25
32 35 27
32 35 30
32 36 7
32 36 12
32 36 16
32 36 23
32 37 12
32 37 25
32 37 28
32 37 30
32 38 6
32 38 10
32 38 17
32 38 25
32 38 27
32 38 29
32 39 6
32 39 13
32 39 24
32 39 26
32 40 10
32 40 23
32 40 24
32 40 27
32 41 8
32 41 17
32 41 22
32 41 26
32 41 27
32 42 9
32 42 11
32 42 23
32 43 22
32 44 11
32 44 14
32 44 20
32 45 8
32 46 14
32 46 16
32 46 17
32 46 20
32 47 16
32 48 18
32 48 21
32 49 18
32 49 21
32 50 12
32 50 16
32 50 19
32 51 18
32 53 9
32 54 10
33 1 20
33 4 4
33 4 16
33 5 16
33 7 14
33 7 15
33 7 16
33 7 17
33 8 19
33 8 23
33 9 1
33 9 18
33 10 24
33 11 8
33 11 16
33 11 19
33 12 27
33 13 0
33 13 8
33 13 18
33 13 26
33 13 27
33 14 16
33 14 19
33 14 24
33 14 27
33 14 28
33 15 19
33 15 24
33 16 3
33 16 24
33 16 27
33 16 28
33 16 29
33 17 20
33 17 23
33 17 27
33 18 22
33 18 29
33 19 3
33 19 16
33 19 21
33 20 1
33 20 4
33 20 12
33 20 14
33 20 28
33 20 31
33 21 17
33 21 18
33 21 31
33 21 32
33 22 17
33 22 31
33 22 32
33 23 17
33 23 19
33 23 30
33 24 21
33 24 31
33 25 12
33 25 15
33 26 17
33 26 24
33 26 27
33 26 29
33 27 24
33 28 16
33 29 16
33 29 28
33 30 18
33 30 20
33 30 23
33 30 29
33 31 7
33 31 8
33 31 20
33 31 22
33 31 26
33 31 31
33 31 32
33 32 31
33 32 32
33 33 22
33 33 29
33 33 30
33 33 32
33 34 10
33 34 15
33 34 17
33 34 20
33 34 25
33 34 29
33 35 31
33 36 16
33 36 18
33 36 23
33 36 31
33 37 12
33 37 21
33 38 14
33 38 25
33 38 26
33 38 29
33 38 30
33 39 8
33 39 23
33 39 24
33 39 25
33 39 26
33 40 22
33 40 23
33 41 13
33 42 8
33 42 23
33 42 24
33 43 15
33 43 17
33 43 19
33 43 20
33 43 23
33 44 10
33 44 17
33 44 22
33 46 12
33 46 24
33 47 17
33 48 17
33 49 8
33 49 20
33 50 11
33 50 16
33 51 9
33 51 18
33 57 14
34 3 9
34 4 6
34 4 7
34 4 12
34 6 20
34 8 18
34 8 19
34 8 23
34 9 13
34 9 22
34 9 24
34 10 0
34 10 10
34 10 14
34 10 16
34 10 24
34 10 26
34 11 14
34 11 25
34 11 26
34 11 32
34 12 3
34 12 18
34 12 20
34 12 27
34 13 0
34 13 27
34 14 8
34 14 10
34 14 24
34 15 15
34 15 24
34 15 28
34 16 7
34 16 8
34 16 9
34 16 24
34 17 4
34 17 12
34 17 18
34 17 19
34 17 27
34 18 18
34 18 24
34 18 25
34 18 30
34 19 20
34 19 30
34 20 14
34 20 25
34 20 31
34 21 4
34 21 16
34 21 18
34 21 24
34 22 7
34 22 16
34 22 18
34 22 23
34 22 32
34 23 27
34 23 32
34 24 28
34 25 0
34 25 17
34 25 21
34 25 22
34 25 24
34 25 28
34 25 31
34 25 32
34 26 7
34 26 18
34 26 26
34 26 27
34 27 8
34 27 31
34 28 11
34 28 17
34 28 24
34 28 26
34 28 29
34 28 32
34 29 23
34 30 23
34 30 30
34 30 32
34 31 18
34 31 19
34 31 26
34 31 29
34 31 30
34 32 10
34 32 18
34 32 22
34 32 24
34 32 30
34 32 32
34 33 10
34 33 18
34 33 24
34 33 30
34 33 32
34 34 22
34 34 30
34 34 31
34 35 15
34 35 24
34 35 32
34 36 19
34 36 24
34 36 31
34 37 16
34 37 17
34 38 9
34 38 12
34 38 17
34 38 25
34 38 29
34 39 8
34 39 10
34 40 28
34 41 10
34 42 14
34 42 25
34 43 7
34 44 18
34 48 11
34 48 18
34 48 19
34 49 8
34 49 15
34 50 13
34 51 6
34 51 11
34 51 12
34 52 8
34 63 17
35 2 9
35 6 13
35 7 3
35 7 5
35 7 16
35 8 10
35 8 12
35 8 18
35 8 19
35 8 20
35 9 12
35 9 17
35 9 18
35 9 24
35 10 13
35 10 14
35 10 21
35 10 25
35 11 12
35 11 25
35 12 1
35 12 21
35 12 26
35 13 6
35 13 11
35 13 14
35 13 22
35 13 23
35 13 25
35 13 27
35 14 5
35 14 25
35 14 26
35 15 18
35 16 9
35 16 22
35 17 10
35 17 11
35 18 9
35 18 20
35 18 21
35 18 25
35 18 30
35 19 17
35 19 23
35 19 27
35 19 30
35 19 31
35 20 19
35 20 21
35 21 22
35 21 24
35 22 7
35 22 19
35 22 20
35 23 15
35 23 21
35 23 22
35 23 26
35 24 23
35 24 24
35 24 27
35 25 7
35 25 12
35 25 19
35 25 31
35 25 32
35 26 17
35 27 14
35 27 15
35 27 21
35 27 22
35 27 28
35 28 19
35 28 22
35 28 24
35 29 14
35 29 22
35 29 24
35 29 31
35 30 19
35 30 32
35 31 10
35 31 18
35 31 21
35 31 23
35 32 21
35 32 25
35 32 32
35 33 10
35 33 15
35 33 16
35 33 30
35 33 32
35 34 14
35 34 16
35 34 17
35 34 24
35 34 29
35 35 26
35 35 30
35 35 31
35 36 10
35 36 12
35 36 19
35 36 21
35 36 25
35 37 11
35 37 21
35 37 22
35 37 24
35 38 18
35 38 22
35 39 9
35 39 12
35 39 16
35 39 22
35 39 26
35 40 12
35 40 17
35 41 14
35 42 23
35 43 8
35 44 10
35 45 13
35 45 18
35 45 24
35 47 10
35 47 20
35 48 9
35 49 8
35 49 11
35 50 15
35 50 20
35 51 6
35 51 14
35 51 15
35 51 18
35 52 9
35 52 12
35 53 5
36 3 23
36 4 12
36 5 5
36 6 6
36 6 16
36 7 18
36 7 19
36 8 7
36 8 13
36 8 21
36 9 1
36 9 8
36 9 13
36 9 17
36 9 25
36 10 13
36 10 26
36 11 9
36 11 16
36 11 19
36 11 26
36 12 1
36 12 16
36 13 11
36 13 12
36 13 19
36 13 22
36 13 25
36 13 27
36 14 14
36 14 18
36 14 19
36 14 22
36 14 25
36 14 26
36 15 25
36 15 26
36 15 28
36 16 6
36 16 16
36 17 6
36 17 9
36 17 29
36 18 9
36 18 17
36 18 19
36 18 23
36 18 30
36 19 8
36 19 17
36 19 30
36 19 31
36 20 15
36 20 16
36 20 18
36 20 20
36 20 30
36 21 20
36 22 15
36 22 16
36 22 20
36 22 25
36 22 26
36 23 8
36 23 9
36 23 17
36 23 28
36 24 31
36 24 32
36 25 17
36 25 24
36 25 31
36 26 14
36 26 24
36 26 32
36 27 14
36 27 18
36 27 19
36 27 24
36 27 31
36 27 32
36 28 16
36 28 23
36 28 26
36 29 8
36 29 20
36 29 21
36 29 22
36 30 14
36 30 18
36 30 29
36 31 18
36 31 19
36 31 25
36 32 14
36 32 16
36 33 19
36 33 20
36 33 30
36 33 32
36 34 10
36 34 18
36 34 31
36 34 32
36 35 24
36 35 31
36 36 16
36 36 23
36 36 26
36 37 7
36 37 17
36 37 24
36 38 9
36 38 12
36 38 16
36 38 26
36 38 28
36 39 9
36 40 12
36 40 24
36 41 12
36 41 16
36 41 20
36 41 26
36 42 26
36 43 14
36 43 16
36 43 17
36 44 14
36 44 22
36 45 10
36 45 11
36 45 12
36 46 11
36 46 19
36 47 19
36 47 20
36 48 13
36 48 19
36 49 20
36 50 18
36 50 20
36 51 18
36 52 7
36 54 10
36 54 18
37 3 6
37 4 10
37 5 5
37 6 4
37 6 8
37 6 15
37 7 7
37 7 18
37 8 7
37 8 17
37 8 18
37 9 1
37 9 13
37 9 18
37 9 19
37 9 21
37 10 16
37 10 22
37 10 26
37 11 17
37 11 19
37 11 25
37 11 26
37 12 11
37 12 13
37 12 16
37 13 24
37 13 27
37 14 14
37 14 16
37 14 25
37 14 27
37 15 19
37 15 25
37 16 6
37 16 25
37 16 26
37 17 9
37 17 23
37 18 4
37 18 17
37 18 22
37 18 24
37 18 28
37 18 29
37 18 30
37 19 14
37 19 23
37 19 26
37 19 27
37 20 8
37 20 10
37 20 14
37 20 23
37 20 26
37 21 23
37 21 27
37 22 19
37 22 20
37 23 23
37 24 17
37 24 18
37 24 24
37 24 25
37 24 31
37 24 32
37 25 31
37 26 15
37 26 16
37 26 17
37 26 25
37 26 27
37 27 24
37 28 10
37 28 12
37 28 15
37 28 19
37 28 26
37 30 20
37 30 23
37 30 24
37 30 25
37 30 26
37 30 28
37 30 30
37 31 20
37 32 12
37 32 27
37 32 30
37 32 31
37 33 18
37 33 23
37 33 31
37 34 24
37 34 30
37 35 26
37 35 29
37 35 30
37 36 13
37 36 20
37 36 25
37 36 27
37 36 29
37 37 7
37 37 13
37 37 20
37 37 29
37 38 27
37 39 20
37 40 14
37 40 27
37 41 11
37 41 12
37 41 19
37 41 20
37 41 22
37 43 9
37 43 21
37 43 22
37 44 16
37 45 8
37 45 14
37 45 22
37 47 9
37 47 10
37 47 13
37 48 17
37 49 13
37 51 18
37 55 15
37 63 16
38 3 8
38 3 10
38 4 12
38 5 6
38 6 7
38 6 8
38 6 16
38 7 2
38 7 11
38 7 16
38 7 17
38 8 17
38 9 16
38 9 18
38 9 23
38 10 13
38 10 17
38 10 18
38 10 23
38 10 24
38 11 3
38 11 11
38 11 14
38 11 19
38 11 20
38 12 7
38 12 16
38 12 26
38 12 27
38 13 13
38 13 16
38 14 16
38 15 3
38 15 8
38 15 18
38 15 27
38 16 12
38 16 27
38 17 10
38 17 12
38 17 14
38 17 23
38 17 29
38 18 6
38 18 17
38 18 19
38 18 30
38 19 11
38 19 16
38 19 25
38 20 6
38 20 9
38 20 12
38 20 21
38 21 8
38 21 9
38 21 10
38 21 26
38 21 30
38 22 9
38 22 20
38 22 24
38 22 31
38 23 14
38 23 17
38 23 21
38 24 24
38 24 26
38 25 12
38 25 14
38 25 25
38 26 25
38 27 19
38 27 21
38 27 22
38 27 26
38 27 28
38 28 9
38 28 13
38 28 14
38 28 23
38 28 29
38 29 14
38 29 20
38 29 28
38 30 10
38 30 28
38 30 29
38 30 30
38 31 9
38 31 17
38 31 31
38 32 30
38 33 8
38 33 16
38 33 20
38 33 21
38 33 23
38 33 25
38 33 29
38 35 17
38 35 26
38 36 24
38 36 28
38 37 13
38 38 16
38 38 20
38 40 8
38 40 16
38 40 27
38 41 8
38 41 12
38 41 13
38 41 26
38 42 5
38 42 6
38 42 16
38 42 22
38 43 11
38 44 8
38 45 0
38 45 15
38 45 18
38 46 0
38 46 14
38 47 8
38 47 9
38 47 11
38 47 13
38 47 16
38 49 8
38 49 15
38 49 19
38 49 20
38 50 9
38 51 8
38 62 12
39 2 14
39 6 17
39 7 3
39 7 12
39 7 16
39 7 17
39 7 18
39 8 13
39 8 15
39 8 17
39 8 18
39 9 17
39 9 18
39 9 20
39 9 23
39 10 16
39 11 13
39 11 15
39 11 21
39 11 22
39 11 24
39 11 25
39 11 26
39 12 16
39 12 21
39 12 25
39 12 27
39 13 17
39 13 25
39 13 27
39 13 32
39 14 19
39 14 24
39 15 2
39 15 20
39 15 24
39 15 27
39 15 28
39 16 9
39 16 11
39 16 13
39 16 20
39 16 25
39 17 6
39 17 7
39 17 9
39 17 18
39 17 20
39 17 29
39 18 28
39 18 29
39 18 30
39 19 9
39 19 10
39 19 24
39 19 25
39 19 26
39 19 27
39 19 28
39 20 24
39 20 25
39 20 29
39 21 10
39 21 13
39 21 22
39 22 20
39 22 24
39 23 18
39 23 20
39 23 25
39 23 28
39 23 30
39 24 13
39 24 15
39 24 31
39 25 9
39 26 15
39 28 12
39 28 15
39 29 8
39 29 14
39 30 18
39 30 22
39 30 29
39 31 15
39 31 30
39 32 7
39 32 20
39 32 25
39 32 27
39 32 29
39 32 30
39 33 7
39 33 8
39 33 18
39 33 24
39 33 28
39 33 29
39 34 10
39 34 12
39 34 29
39 35 8
39 35 14
39 35 20
39 36 8
39 37 12
39 37 17
39 38 9
39 38 20
39 38 28
39 39 7
39 39 8
39 39 16
39 39 26
39 40 13
39 40 14
39 40 15
39 40 16
39 40 22
39 41 8
39 41 25
39 42 16
39 42 20
39 43 5
39 43 16
39 43 19
39 44 5
39 44 10
39 44 18
39 45 10
39 45 20
39 46 11
39 46 12
39 46 21
39 47 6
39 47 9
39 47 11
39 47 18
39 47 19
39 48 9
39 48 11
39 48 18
39 48 19
39 48 20
39 49 8
39 49 9
39 49 11
39 49 13
39 51 8
39 55 15
40 6 27
40 8 4
40 8 12
40 8 13
40 8 17
40 9 17
40 9 18
40 9 20
40 9 23
40 10 9
40 10 17
40 10 23
40 11 9
40 11 13
40 11 21
40 11 23
40 11 24
40 11 25
40 12 7
40 12 18
40 12 26
40 13 4
40 13 25
40 13 27
40 14 9
40 14 11
40 14 23
40 14 26
40 15 9
40 15 12
40 15 14
40 15 22
40 15 23
40 15 28
40 16 9
40 16 27
40 17 8
40 17 10
40 17 16
40 17 23
40 17 25
40 17 29
40 18 23
40 18 28
40 18 29
40 19 9
40 19 12
40 19 17
40 19 24
40 19 27
40 19 28
40 19 29
40 20 7
40 22 15
40 22 21
40 22 29
40 23 2
40 23 11
40 23 12
40 23 21
40 24 14
40 24 17
40 24 18
40 24 31
40 25 25
40 25 30
40 26 15
40 27 13
40 27 18
40 28 16
40 28 27
40 29 10
40 29 15
40 29 23
40 29 26
40 30 10
40 30 16
40 30 27
40 30 30
40 31 10
40 31 29
40 31 30
40 32 6
40 32 13
40 32 16
40 32 23
40 32 25
40 32 27
40 33 12
40 33 17
40 33 29
40 34 0
40 34 28
40 35 11
40 35 17
40 35 19
40 35 27
40 36 21
40 36 23
40 37 8
40 37 25
40 38 6
40 38 7
40 38 20
40 38 22
40 38 24
40 39 23
40 39 24
40 40 11
40 40 13
40 40 26
40 41 24
40 42 7
40 42 8
40 42 15
40 42 17
40 42 25
40 43 13
40 45 14
40 45 18
40 45 23
40 46 10
40 46 12
40 47 20
40 48 15
40 48 20
40 49 9
40 51 1
40 51 2
41 3 10
41 5 20
41 6 5
41 7 4
41 7 6
41 7 12
41 7 18
41 8 8
41 8 10
41 8 14
41 8 17
41 9 3
41 9 7
41 9 11
41 9 13
41 9 14
41 9 17
41 9 18
41 10 2
41 10 5
41 10 13
41 10 20
41 11 1
41 11 9
41 11 13
41 11 15
41 11 19
41 12 14
41 12 17
41 12 21
41 12 23
41 12 24
41 12 26
41 13 20
41 14 13
41 14 14
41 14 23
41 14 24
41 14 27
41 15 10
41 15 17
41 15 20
41 15 22
41 15 24
41 16 21
41 16 22
41 16 28
41 17 15
41 17 22
41 17 23
41 17 26
41 17 33
41 18 4
41 18 8
41 19 28
41 20 10
41 20 12
41 20 16
41 20 19
41 20 28
41 20 29
41 21 1
41 21 18
41 21 24
41 22 6
41 22 25
41 23 10
41 23 19
41 23 24
41 24 20
41 24 22
41 24 30
41 24 31
41 25 23
41 26 11
41 26 22
41 26 25
41 27 12
41 27 14
41 28 18
41 28 19
41 28 24
41 29 26
41 30 7
41 30 27
41 30 29
41 31 21
41 31 29
41 32 27
41 33 7
41 33 16
41 33 22
41 33 27
41 33 28
41 34 12
41 34 16
41 34 27
41 35 8
41 35 23
41 36 14
41 36 20
41 37 10
41 37 18
41 37 21
41 38 7
41 38 14
41 38 15
41 39 5
41 39 7
41 40 9
41 40 25
41 41 19
41 41 24
41 42 5
41 42 8
41 42 9
41 43 13
41 44 12
41 44 19
41 45 6
41 45 22
41 46 8
41 46 21
41 47 14
41 48 13
41 48 15
41 48 16
41 50 6
41 50 11
41 50 15
41 51 1
41 51 10
41 51 16
41 55 14
42 7 9
42 8 11
42 8 17
42 9 4
42 9 6
42 9 16
42 9 17
42 9 19
42 10 16
42 10 20
42 11 13
42 12 13
42 12 15
42 12 17
42 12 23
42 12 24
42 13 9
42 13 13
42 13 20
42 13 23
42 14 12
42 14 13
42 14 19
42 14 22
42 15 10
42 15 11
42 15 13
42 16 4
42 16 13
42 16 15
42 16 22
42 16 25
42 16 26
42 16 33
42 17 13
42 17 27
42 17 28
42 18 13
42 18 18
42 18 19
42 18 23
42 18 26
42 19 5
42 19 10
42 19 16
42 19 20
42 19 21
42 19 26
42 19 29
42 20 7
42 20 15
42 20 16
42 20 20
42 20 23
42 21 0
42 21 17
42 21 30
42 22 19
42 22 25
42 22 27
42 23 11
42 23 13
42 23 21
42 23 23
42 23 28
42 24 10
42 24 12
42 24 26
42 24 27
42 25 9
42 25 14
42 25 18
42 25 24
42 25 29
42 25 30
42 26 11
42 26 30
42 27 0
42 27 25
42 27 27
42 28 6
42 28 19
42 29 10
42 29 17
42 29 18
42 29 25
42 30 6
42 30 14
42 30 18
42 30 19
42 30 27
42 30 28
42 30 29
42 31 19
42 31 27
42 31 29
42 32 28
42 33 0
42 33 15
42 33 25
42 33 27
42 33 28
42 34 1
42 34 27
42 35 27
42 37 5
42 37 10
42 37 15
42 38 12
42 38 18
42 39 14
42 40 6
42 40 7
42 40 11
42 40 15
42 40 19
42 41 4
42 41 7
42 41 11
42 41 12
42 42 7
42 42 9
42 42 20
42 42 24
42 43 6
42 43 14
42 43 20
42 44 20
42 44 21
42 45 1
42 45 2
42 45 3
42 45 19
42 45 21
42 46 15
42 47 20
42 48 14
42 48 15
42 48 17
42 48 18
42 49 11
42 50 12
42 51 12
42 54 14
42 55 13
43 4 21
43 5 10
43 6 10
43 6 24
43 7 9
43 9 16
43 9 17
43 10 9
43 10 16
43 10 17
43 11 11
43 11 15
43 11 16
43 11 17
43 12 15
43 12 18
43 12 19
43 12 20
43 13 9
43 13 19
43 13 20
43 13 23
43 14 6
43 14 8
43 14 15
43 15 0
43 15 15
43 15 18
43 16 23
43 17 10
43 17 25
43 17 28
43 18 12
43 18 25
43 18 26
43 18 27
43 18 29
43 19 10
43 19 15
43 19 28
43 20 26
43 20 28
43 21 15
43 21 16
43 21 21
43 21 25
43 22 16
43 22 24
43 23 12
43 23 15
43 23 19
43 23 21
43 23 24
43 23 26
43 24 12
43 25 11
43 25 12
43 25 18
43 25 25
43 25 27
43 25 29
43 26 17
43 26 21
43 26 29
43 27 11
43 27 13
43 27 15
43 27 16
43 27 18
43 27 26
43 27 28
43 28 10
43 28 25
43 28 26
43 28 27
43 29 18
43 29 21
43 29 23
43 30 21
43 30 27
43 30 28
43 31 8
43 31 16
43 31 24
43 31 28
43 32 27
43 32 28
43 33 8
43 33 14
43 33 17
43 33 26
43 33 27
43 34 8
43 34 16
43 34 20
43 34 21
43 34 24
43 34 26
43 34 27
43 35 0
43 35 18
43 35 21
43 35 25
43 35 26
43 36 19
43 36 25
43 37 8
43 37 16
43 37 25
43 38 15
43 38 18
43 38 20
43 39 5
43 39 9
43 40 8
43 40 17
43 40 18
43 40 19
43 40 20
43 40 23
43 41 7
43 41 9
43 41 19
43 41 28
43 42 13
43 42 19
43 43 5
43 43 13
43 43 14
43 44 18
43 44 19
43 44 21
43 45 12
43 45 20
43 46 15
43 46 16
43 47 1
43 47 9
43 48 17
43 48 18
43 49 11
43 49 16
43 51 19
43 52 17
44 6 21
44 8 27
44 9 3
44 10 7
44 10 14
44 10 15
44 10 16
44 10 18
44 11 8
44 11 15
44 11 17
44 12 14
44 12 16
44 12 17
44 12 23
44 13 11
44 13 19
44 13 21
44 13 26
44 14 12
44 14 13
44 14 15
44 14 16
44 15 20
44 15 23
44 15 26
44 16 25
44 17 16
44 17 23
44 17 26
44 17 28
44 18 1
44 18 15
44 18 26
44 18 27
44 18 28
44 19 14
44 19 24
44 19 25
44 19 26
44 20 12
44 20 17
44 20 23
44 20 25
44 20 28
44 21 0
44 21 20
44 21 25
44 22 0
44 22 13
44 22 24
44 22 29
44 23 24
44 24 15
44 24 24
44 25 12
44 25 13
44 25 17
44 25 19
44 25 27
44 26 2
44 26 12
44 26 18
44 26 21
44 26 29
44 27 13
44 27 14
44 27 26
44 28 8
44 28 9
44 28 10
44 28 12
44 28 25
44 28 26
44 29 14
44 29 16
44 29 17
44 29 20
44 29 21
44 29 23
44 29 25
44 29 27
44 30 19
44 30 21
44 30 24
44 30 27
44 30 28
44 31 0
44 31 10
44 31 20
44 31 25
44 31 27
44 31 28
44 32 7
44 32 13
44 32 27
44 33 10
44 33 13
44 33 25
44 33 27
44 34 6
44 34 13
44 34 19
44 34 20
44 34 21
44 35 8
44 35 17
44 35 18
44 35 26
44 36 10
44 36 15
44 36 23
44 36 24
44 36 25
44 37 22
44 38 10
44 38 22
44 39 3
44 39 15
44 39 22
44 40 10
44 40 24
44 41 5
44 42 8
44 42 10
44 42 11
44 42 17
44 42 21
44 43 13
44 44 14
44 44 17
44 44 18
44 44 20
44 45 3
44 45 12
44 45 19
44 45 20
44 46 11
44 48 7
44 48 16
44 49 12
44 50 20
44 51 18
44 53 12
44 53 15
45 7 5
45 8 4
45 9 7
45 9 12
45 10 15
45 11 6
45 11 13
45 11 15
45 11 22
45 12 7
45 12 8
45 12 10
45 12 21
45 13 12
45 13 14
45 13 18
45 13 20
45 13 23
45 14 7
45 14 14
45 14 16
45 14 20
45 14 24
45 15 12
45 15 16
45 15 22
45 16 10
45 16 13
45 16 15
45 16 24
45 17 13
45 18 14
45 18 26
45 19 20
45 19 26
45 20 0
45 20 12
45 20 29
45 21 1
45 21 12
45 21 15
45 21 19
45 22 23
45 23 2
45 23 22
45 23 23
45 23 24
45 23 26
45 24 0
45 24 12
45 24 20
45 24 22
45 24 24
45 24 27
45 25 11
45 25 16
45 25 27
45 25 33
45 26 14
45 26 18
45 26 21
45 26 27
45 27 14
45 28 9
45 28 16
45 28 25
45 29 10
45 29 16
45 29 24
45 29 25
45 29 27
45 30 0
45 30 7
45 30 25
45 30 27
45 31 0
45 31 13
45 31 14
45 31 15
45 31 25
45 31 26
45 31 27
45 32 9
45 33 6
45 33 11
45 33 14
45 33 25
45 34 12
45 34 23
45 35 20
45 35 21
45 36 11
45 36 14
45 36 18
45 37 21
45 38 14
45 38 21
45 38 22
45 39 7
45 39 8
45 39 20
45 40 1
45 40 6
45 40 17
45 41 11
45 41 18
45 41 21
45 42 12
45 42 18
45 43 8
45 43 11
45 43 16
45 43 17
45 43 20
45 44 7
45 44 8
45 44 19
45 44 21
45 45 6
45 45 13
45 45 15
45 45 19
45 46 12
45 46 13
45 47 7
45 47 11
45 49 9
45 50 18
45 51 17
45 52 13
45 53 14
46 6 7
46 7 8
46 7 16
46 11 11
46 11 15
46 12 15
46 12 17
46 12 18
46 13 14
46 13 15
46 13 16
46 13 18
46 13 24
46 14 13
46 14 14
46 14 15
46 14 16
46 14 20
46 15 11
46 15 13
46 15 16
46 15 21
46 16 14
46 16 18
46 17 11
46 17 12
46 17 13
46 17 14
46 17 16
46 17 26
46 18 26
46 18 31
46 19 1
46 19 7
46 19 24
46 19 25
46 19 32
46 20 11
46 20 19
46 20 27
46 21 13
46 21 25
46 22 14
46 22 15
46 22 16
46 23 14
46 23 21
46 23 23
46 23 25
46 23 28
46 24 0
46 24 19
46 25 11
46 25 16
46 25 21
46 25 27
46 26 9
46 26 11
46 26 13
46 26 18
46 26 25
46 26 27
46 27 25
46 28 15
46 28 16
46 28 21
46 29 8
46 29 10
46 30 14
46 30 20
46 31 25
46 31 26
46 31 27
46 32 21
46 32 23
46 32 25
46 32 26
46 33 14
46 34 8
46 34 21
46 34 22
46 35 10
46 36 16
46 36 17
46 36 23
46 37 8
46 37 10
46 37 22
46 38 9
46 38 19
46 38 21
46 39 8
46 39 19
46 40 2
46 40 14
46 40 17
46 40 27
46 41 3
46 41 10
46 41 11
46 41 14
46 41 16
46 41 18
46 41 25
46 42 0
46 42 9
46 42 11
46 43 9
46 43 11
46 43 13
46 43 14
46 43 20
46 44 8
46 44 17
46 44 20
46 45 4
46 45 10
46 45 13
46 45 20
46 45 24
46 46 7
46 46 13
46 46 21
46 47 6
46 47 8
46 47 13
46 47 14
46 47 22
46 49 21
46 50 18
46 51 11
46 52 13
47 5 11
47 7 17
47 8 18
47 12 12
47 12 14
47 12 15
47 13 13
47 13 17
47 13 20
47 13 21
47 14 12
47 14 15
47 14 16
47 14 18
47 15 16
47 15 18
47 15 20
47 15 21
47 16 23
47 17 12
47 17 14
47 17 20
47 17 26
47 17 31
47 18 7
47 18 19
47 18 23
47 19 19
47 20 8
47 20 14
47 20 23
47 21 12
47 21 16
47 21 18
47 21 20
47 21 21
47 21 25
47 21 26
47 22 21
47 22 22
47 22 26
47 23 1
47 23 19
47 24 15
47 24 17
47 24 19
47 24 26
47 24 27
47 25 8
47 25 15
47 25 16
47 25 18
47 25 24
47 25 25
47 25 26
47 25 27
47 26 16
47 26 27
47 27 8
47 27 12
47 27 16
47 27 23
47 27 24
47 28 8
47 28 9
47 28 25
47 29 16
47 29 27
47 30 26
47 31 21
47 31 22
47 31 23
47 31 26
47 32 10
47 32 15
47 32 17
47 32 25
47 33 14
47 33 19
47 33 21
47 34 6
47 34 14
47 35 7
47 35 15
47 36 12
47 36 15
47 36 16
47 36 22
47 38 3
47 38 17
47 39 9
47 39 22
47 40 5
47 41 0
47 41 9
47 41 11
47 41 20
47 41 21
47 42 11
47 43 17
47 43 24
47 44 11
47 44 14
47 44 23
47 46 9
47 46 20
47 48 6
47 48 8
47 48 9
47 50 12
47 51 11
48 5 12
48 12 14
48 13 13
48 13 28
48 14 12
48 14 13
48 14 16
48 15 11
48 15 15
48 15 16
48 15 20
48 16 21
48 17 14
48 17 17
48 17 18
48 17 24
48 18 16
48 18 21
48 18 23
48 19 31
48 20 14
48 20 19
48 20 20
48 20 22
48 21 16
48 21 17
48 21 18
48 21 20
48 21 21
48 21 26
48 22 10
48 22 16
48 22 20
48 22 21
48 22 22
48 22 32
48 23 14
48 23 20
48 24 10
48 24 11
48 24 17
48 24 19
48 25 16
48 26 16
48 26 18
48 26 23
48 27 8
48 27 10
48 27 12
48 27 14
48 27 15
48 27 16
48 28 8
48 28 15
48 28 16
48 28 21
48 28 25
48 28 26
48 28 27
48 29 8
48 29 19
48 29 25
48 29 26
48 30 9
48 30 18
48 30 25
48 31 25
48 32 7
48 32 21
48 34 20
48 35 7
48 35 21
48 36 15
48 37 11
48 37 18
48 37 19
48 38 2
48 38 8
48 39 8
48 39 13
48 39 17
48 39 18
48 40 10
48 40 11
48 41 10
48 41 11
48 41 15
48 42 11
48 43 11
48 44 11
48 45 9
48 46 11
48 47 10
48 47 20
48 48 8
48 48 15
48 49 14
49 7 17
49 9 19
49 13 13
49 13 21
49 14 14
49 15 11
49 15 16
49 15 18
49 17 17
49 19 17
49 19 19
49 20 8
49 20 16
49 20 17
49 20 24
49 21 14
49 21 17
49 21 20
49 21 21
49 21 22
49 21 23
49 21 24
49 22 18
49 22 22
49 23 17
49 23 18
49 23 22
49 24 24
49 25 9
49 25 13
49 25 17
49 25 19
49 26 8
49 26 12
49 26 13
49 26 23
49 26 25
49 26 26
49 27 8
49 27 12
49 27 16
49 27 26
49 28 8
49 28 26
49 29 25
49 30 11
49 30 18
49 30 22
49 30 23
49 30 25
49 31 13
49 31 14
49 32 1
49 32 7
49 32 18
49 32 24
49 34 7
49 34 11
49 34 21
49 35 11
49 36 13
49 37 17
49 37 19
49 37 20
49 38 11
49 38 12
49 38 17
49 38 20
49 38 23
49 38 24
49 39 7
49 39 17
49 39 21
49 40 8
49 40 11
49 41 13
49 41 16
49 43 1
49 43 13
49 44 6
49 44 8
49 44 9
49 44 11
49 44 19
49 45 7
49 46 8
50 8 17
50 10 19
50 13 13
50 14 19
50 17 10
50 17 13
50 17 19
50 18 10
50 18 15
50 18 19
50 19 14
50 19 17
50 19 19
50 19 20
50 19 23
50 20 16
50 20 17
50 20 20
50 21 9
50 21 17
50 21 18
50 21 19
50 21 20
50 21 21
50 21 22
50 21 23
50 22 0
50 22 10
50 22 12
50 22 15
50 22 18
50 22 21
50 22 22
50 22 25
50 23 12
50 23 18
50 23 19
50 24 0
50 24 17
50 24 22
50 24 24
50 24 25
50 25 15
50 25 18
50 26 10
50 26 18
50 27 8
50 27 11
50 27 16
50 27 23
50 28 12
50 28 25
50 29 10
50 29 21
50 29 25
50 30 11
50 30 14
50 30 23
50 31 24
50 32 8
50 32 14
50 32 17
50 32 18
50 33 10
50 33 11
50 34 15
50 35 17
50 35 18
50 36 16
50 37 15
50 37 23
50 38 18
50 38 21
50 39 1
50 39 6
50 39 7
50 41 8
50 44 6
50 44 15
50 48 11
51 10 15
51 11 16
51 13 16
51 13 17
51 14 15
51 14 18
51 15 12
51 15 14
51 16 14
51 17 15
51 17 16
51 18 10
51 18 15
51 18 16
51 18 19
51 19 14
51 19 16
51 20 15
51 20 20
51 21 16
51 21 19
51 21 20
51 22 13
51 22 16
51 22 18
51 22 19
51 22 20
51 22 21
51 22 23
51 23 10
51 23 18
51 23 19
51 23 22
51 24 18
51 24 26
51 25 14
51 25 17
51 25 18
51 25 26
51 26 13
51 26 14
51 26 17
51 26 19
51 27 8
51 27 9
51 27 13
51 27 15
51 27 17
51 27 18
51 29 9
51 29 15
51 30 11
51 30 14
51 30 15
51 30 16
51 30 17
51 31 14
51 31 16
51 32 10
51 32 16
51 32 17
51 33 10
51 33 15
51 33 20
51 34 12
51 35 11
51 35 23
51 36 24
51 38 4
51 38 5
51 38 6
51 38 22
51 39 10
51 40 4
51 40 14
51 40 21
51 41 11
51 41 12
51 42 12
51 43 6
51 44 11
51 45 12
52 16 26
52 19 16
52 19 17
52 19 19
52 21 15
52 21 18
52 22 18
52 22 19
52 22 20
52 23 15
52 23 18
52 23 19
52 24 14
52 24 15
52 24 18
52 25 13
52 25 17
52 25 18
52 25 22
52 26 14
52 26 20
52 27 15
52 27 17
52 27 18
52 27 19
52 28 12
52 28 17
52 28 18
52 28 19
52 28 20
52 29 9
52 30 12
52 30 28
52 31 9
52 31 19
52 34 16
52 36 8
52 36 19
52 36 22
52 37 7
52 37 22
52 38 5
52 38 6
52 42 9
52 42 15
52 43 8
52 44 12
53 20 11
53 21 10
53 21 15
53 21 23
53 22 11
53 22 16
53 23 12
53 25 11
53 25 14
53 25 18
53 26 19
53 27 14
53 30 7
53 32 6
53 32 10
53 33 10
53 35 9
53 36 11
53 36 17
53 36 18
53 36 19
53 37 20
53 38 9
53 39 10
53 39 13
53 39 15
53 44 15
54 20 15
54 21 20
54 22 20
54 23 21
54 24 14
54 24 21
54 28 23
54 31 11
54 31 21
54 32 18
54 33 19
54 36 10
54 41 10
54 42 10
55 18 14
55 26 12
55 26 18
55 29 9
55 33 12
55 34 18
55 36 14
56 24 17
56 27 10
56 27 17
57 32 16
