0.000000000000000000e+00 0.000000000000000000e+00 0.000000000000000000e+00 0.000000000000000000e+00 2.000000000000000000e+01 1.500000000000000000e+01
1.391351117776375157e-01 -1.933978053709161510e-02 1.771189972929325396e-02 -1.132559809869969347e-02 0.000000000000000000e+00 0.000000000000000000e+00
5.999999999999999778e-01 -8.340000000000000191e-02 7.637999999999998957e-02 -4.884000000000000147e-02 1.800000000000000000e+01 1.200000000000000000e+01
7.280239638640226829e-01 -1.081520865659810343e-01 7.180718383324447007e-02 -1.056348834140180271e-01 0.000000000000000000e+00 0.000000000000000000e+00
8.557658939335446302e-01 -1.489514592567627305e-01 1.893899829774024074e-02 -2.696393437661905312e-01 1.000000000000000000e+01 1.500000000000000000e+01
7.204113219292570536e-01 -1.643653942968953952e-01 3.375033468636651560e-03 -2.085444032499471356e-01 0.000000000000000000e+00 0.000000000000000000e+00
7.505551669472596554e-01 -2.671154629023463345e-01 5.718078866235443147e-02 5.363803696244261177e-02 0.000000000000000000e+00 0.000000000000000000e+00
4.818078767832653098e-01 -2.138128757977318939e-01 6.247603900472452343e-02 1.595947867870917414e-01 0.000000000000000000e+00 0.000000000000000000e+00
8.741869620073562663e-02 -7.083213590597417508e-02 2.691000907429640793e-02 1.131976258818393893e-01 0.000000000000000000e+00 0.000000000000000000e+00
-1.392462456834661078e-01 2.623180530211089573e-02 -2.805797070252099776e-03 4.195014635344924275e-02 3.400000000000000000e+01 1.600000000000000000e+01
-4.327065834307372572e-02 8.417141591575784398e-02 1.091887139378719396e-02 -1.050111801558616803e-02 0.000000000000000000e+00 0.000000000000000000e+00
4.629023591137564897e-01 1.721319189442937214e-01 9.375226087223315075e-02 -6.011236292576283002e-02 0.000000000000000000e+00 0.000000000000000000e+00
5.097614428891887872e-01 1.517413039746636771e-01 9.644586014229832027e-02 -5.785224497410863115e-02 1.800000000000000000e+01 5.000000000000000000e+00
3.566397075505417513e-01 4.130290739029718328e-02 -1.055942085032610112e-02 -3.792999323444044835e-02 0.000000000000000000e+00 0.000000000000000000e+00
5.762029405311521746e-01 -1.091453720108840619e-01 -2.267401428577070499e-01 -5.094458392740225383e-02 2.600000000000000000e+01 1.300000000000000000e+01
6.167172090974434306e-01 -1.297240135308947440e-01 -2.350155742557533678e-01 -9.818503467273256846e-02 0.000000000000000000e+00 0.000000000000000000e+00
7.541717154190104022e-01 -6.193931434898061056e-02 -9.682128239983858742e-02 -2.619491486653282575e-01 0.000000000000000000e+00 0.000000000000000000e+00
5.175077487623443995e-01 -5.159384268865408602e-03 7.639348638864515775e-03 -2.386124276308760062e-01 0.000000000000000000e+00 0.000000000000000000e+00
1.181964174835035686e-01 1.598664354687021408e-02 4.046691452642075387e-02 -9.493244740970813167e-02 0.000000000000000000e+00 0.000000000000000000e+00
-1.211395476910219898e-01 1.574941717148917175e-02 3.437143783719147361e-02 1.239805273890656236e-02 3.200000000000000000e+01 1.700000000000000000e+01
-3.467612309271450588e-02 3.202331613442197661e-02 5.131534692307455209e-02 3.788937172427578326e-02 0.000000000000000000e+00 0.000000000000000000e+00
4.664340301885291917e-01 1.011773551955890277e-01 1.453099022668698226e-01 -4.814934545673811572e-03 1.600000000000000000e+01 5.000000000000000000e+00
6.501969300868453150e-01 6.338703244853388652e-02 8.540273225634109622e-02 -7.825637716473934913e-02 0.000000000000000000e+00 0.000000000000000000e+00
8.179431073322456225e-01 -1.015836301184869506e-01 -1.643603813906150402e-01 -2.558398843190753391e-01 2.200000000000000000e+01 7.000000000000000000e+00
7.044203834785845997e-01 -1.541425230587563644e-01 -2.588149798607249918e-01 -2.489307514386611686e-01 0.000000000000000000e+00 0.000000000000000000e+00
7.444591391669654890e-01 -1.314076338719420700e-01 -2.827719722143162695e-01 -1.440245827982983839e-01 0.000000000000000000e+00 0.000000000000000000e+00
4.796820316370853376e-01 -6.659077656551036506e-02 -1.803425544286238191e-01 -3.586476620968005041e-02 3.600000000000000000e+01 8.000000000000000000e+00
2.259218173356219439e-01 2.852453967633942003e-02 -7.588888386600109448e-02 1.096487208767891186e-01 0.000000000000000000e+00 0.000000000000000000e+00
4.605602752331240390e-01 1.758697200060775345e-01 -1.017886326344335790e-01 3.957476756861966205e-01 1.600000000000000000e+01 1.000000000000000000e+01
5.456181937433114415e-01 1.426366397354375537e-01 -9.919101118213485835e-02 3.692422624151039390e-01 0.000000000000000000e+00 0.000000000000000000e+00
7.186682530473011976e-01 -6.098463037180296142e-02 -9.270802944005865354e-02 1.227402103052133708e-01 0.000000000000000000e+00 0.000000000000000000e+00
5.021488009544231579e-01 -1.340633014325766370e-01 -4.854360809664660936e-02 -4.126453859871047347e-02 3.000000000000000000e+01 1.300000000000000000e+01
2.514289805642566655e-01 -6.907718753997917072e-02 6.510606666514592161e-03 -1.351628798772302742e-01 0.000000000000000000e+00 0.000000000000000000e+00
4.767346071627979187e-01 4.414008471236491316e-02 4.397565673264457881e-02 -3.044576772710121948e-01 0.000000000000000000e+00 0.000000000000000000e+00
4.144456265732819888e-01 7.467075253532698409e-02 4.477209973838772172e-02 -2.718949709689358896e-01 0.000000000000000000e+00 0.000000000000000000e+00
1.220064450386641464e-01 4.398603241291124122e-02 2.694944500209023319e-02 -1.165581962582740855e-01 0.000000000000000000e+00 0.000000000000000000e+00
-8.543967571194295563e-02 1.063157302762264729e-02 1.084220775484346158e-02 1.192329487951526192e-04 0.000000000000000000e+00 0.000000000000000000e+00
-1.430335135875840935e-01 -5.399785129050118510e-03 2.344028645519571560e-03 4.306678975095828282e-02 1.400000000000000000e+01 1.700000000000000000e+01
2.367583995861084756e-02 -4.839538104929898277e-02 3.106525016027546562e-02 1.226986527071435573e-01 0.000000000000000000e+00 0.000000000000000000e+00
5.307675014731818575e-01 -1.792671929347494364e-01 1.354675560215371222e-01 3.774375629183772118e-01 2.800000000000000000e+01 1.900000000000000000e+01
6.937328483374962662e-01 -1.648606439985157435e-01 1.787954353904499527e-01 3.467340359441809516e-01 0.000000000000000000e+00 0.000000000000000000e+00
8.410753309028913272e-01 -3.872579911823403193e-02 2.542093339167705301e-01 1.067413117268867229e-01 1.400000000000000000e+01 2.000000000000000000e+01
7.147538057083042684e-01 -2.648040428652818912e-03 2.433832171194837413e-01 3.132623443752981240e-02 0.000000000000000000e+00 0.000000000000000000e+00
7.486228008844892923e-01 -1.276068730039848498e-01 2.861250252469529354e-01 2.695821699349676415e-01 2.600000000000000000e+01 1.600000000000000000e+01
6.203109979181516964e-01 -1.404465657993229921e-01 2.217383959859454690e-01 2.296402543245161243e-01 0.000000000000000000e+00 0.000000000000000000e+00
6.872252171173258706e-01 -5.550923382547085644e-02 1.540887990588533374e-01 -1.274296096560630920e-01 4.000000000000000000e+01 5.000000000000000000e+00
5.887777181805565752e-01 6.213380104827510159e-02 9.814936044488499489e-03 -1.779617157786236581e-01 0.000000000000000000e+00 0.000000000000000000e+00
6.733601238128334998e-01 2.500309276368711253e-01 -2.418287946766153329e-01 1.804448715808142645e-01 2.800000000000000000e+01 1.200000000000000000e+01
5.833136810430136210e-01 2.493557519433416692e-01 -2.732860344417130105e-01 2.777093461896674720e-01 0.000000000000000000e+00 0.000000000000000000e+00
6.714277577500631367e-01 1.457214906353845041e-01 -1.564597985249920331e-01 1.075502438084114665e-01 2.000000000000000000e+01 1.600000000000000000e+01
5.826816904002624087e-01 2.188522620496066717e-02 -1.756561282402769805e-02 -4.121877638891620343e-02 0.000000000000000000e+00 0.000000000000000000e+00
6.712342786666534167e-01 -1.024728855449342779e-01 1.226113153221790320e-01 -1.132409189813290695e-01 2.600000000000000000e+01 5.000000000000000000e+00
5.826816904002624087e-01 -1.155107663850918343e-01 8.182765794589258457e-02 -6.029428364160701465e-02 0.000000000000000000e+00 0.000000000000000000e+00
6.712342786666534167e-01 -5.776957227063558159e-02 -1.556384531596226584e-01 1.066458583926657155e-01 3.200000000000000000e+01 2.000000000000000000e+01
5.826816904002624087e-01 1.237999754254980392e-02 -1.552942153297067474e-01 1.288015944556547554e-01 0.000000000000000000e+00 0.000000000000000000e+00
6.712342786666534167e-01 1.051459059652069400e-01 1.186594090901170878e-01 2.175051705738250546e-02 1.800000000000000000e+01 1.700000000000000000e+01
5.826816904002624087e-01 7.831537753992895423e-02 2.416692172799644045e-01 -7.026081478323051299e-03 0.000000000000000000e+00 0.000000000000000000e+00
6.712342786666534167e-01 -6.616032497402121737e-02 2.619034320488674572e-01 1.090509725364571386e-01 0.000000000000000000e+00 0.000000000000000000e+00
4.435465786226249207e-01 -1.097102623674311439e-01 1.627107082407741323e-01 1.265978192273158054e-01 2.000000000000000000e+01 6.000000000000000000e+00
2.103693904442909268e-01 -8.354654143055675886e-02 -5.304968044608115996e-03 4.695032586115940876e-02 0.000000000000000000e+00 0.000000000000000000e+00
4.546577265362397036e-01 -9.760848058790749793e-02 -2.218461870177931283e-01 -5.026711711467669874e-02 2.000000000000000000e+01 1.800000000000000000e+01
5.434923485971314694e-01 -9.137332300451150857e-02 -1.942866413277483384e-01 -3.761900190173652486e-02 0.000000000000000000e+00 0.000000000000000000e+00
7.180362624045499853e-01 -1.053028104905500695e-01 5.102363203871601582e-02 1.065578891506540893e-01 0.000000000000000000e+00 0.000000000000000000e+00
5.019553218710133269e-01 -7.112239282853084765e-02 1.467861480633690097e-01 1.337300478915539326e-01 4.000000000000000000e+01 7.000000000000000000e+00
2.514289805642566655e-01 3.449318137172882603e-02 5.779603474759008319e-02 1.466105053532724967e-01 0.000000000000000000e+00 0.000000000000000000e+00
4.767346071627979187e-01 2.338280865424236243e-01 -1.374850399954091196e-01 3.539263006647025978e-01 3.600000000000000000e+01 6.000000000000000000e+00
5.535807383509194768e-01 2.732343527875215616e-01 -2.157701117288679526e-01 4.034242057239072476e-01 0.000000000000000000e+00 0.000000000000000000e+00
7.220064450386640686e-01 2.675626256845136108e-01 -2.810824218312226730e-01 4.779709437389532134e-01 1.600000000000000000e+01 2.000000000000000000e+01
6.425842881520796857e-01 1.285480921684060418e-01 -1.485774809404956931e-01 4.067378390936110533e-01 0.000000000000000000e+00 0.000000000000000000e+00
7.127323803459606477e-01 -1.093591328336426804e-01 1.653351487889611060e-01 4.315935428473068880e-01 0.000000000000000000e+00 0.000000000000000000e+00
4.658169383325929669e-01 -1.764166630949522974e-01 2.484945103593829141e-01 2.786180904942421876e-01 4.000000000000000000e+01 1.500000000000000000e+01
2.204577801980789897e-01 -6.030519111984471853e-02 1.640699545636460921e-01 3.851561787096376144e-02 0.000000000000000000e+00 0.000000000000000000e+00
4.586279091703537869e-01 1.811420162812825141e-01 1.139042411997114312e-01 -1.308118414123549955e-01 0.000000000000000000e+00 0.000000000000000000e+00
4.058510913229227413e-01 2.162683225553741484e-01 5.930220437352078100e-02 -1.548568482543930536e-01 0.000000000000000000e+00 0.000000000000000000e+00
1.184747739638914721e-01 1.057636600017168721e-01 6.845720047176352685e-03 -1.011113303580197798e-01 1.000000000000000000e+01 6.000000000000000000e+00
5.239506064567552024e-02 -4.614897725343466289e-02 -6.462572276670930371e-02 -1.033929344038154174e-01 0.000000000000000000e+00 0.000000000000000000e+00
4.565279748530744475e-01 -2.653478351360780696e-01 -2.172136934272953512e-01 -2.626501846367392257e-01 0.000000000000000000e+00 0.000000000000000000e+00
4.732361011839487097e-01 -2.622000264983651019e-01 -2.073247144935216335e-01 -2.455882242067382315e-01 0.000000000000000000e+00 0.000000000000000000e+00
1.865333954067265321e-01 -1.211442433615293468e-01 -9.243056452996652184e-02 -1.044948125552801060e-01 1.200000000000000000e+01 1.500000000000000000e+01
9.723135431634559456e-02 -5.540581033906817610e-02 1.540721434695714771e-02 3.957909311203518243e-02 0.000000000000000000e+00 0.000000000000000000e+00
4.800987099830615334e-01 -1.673971260707502462e-01 1.083033952639841924e-01 1.955453521503853764e-01 3.400000000000000000e+01 1.700000000000000000e+01
6.228981142747157529e-01 -1.335089064976313356e-01 1.379208213698420171e-01 1.322228181497069055e-01 0.000000000000000000e+00 0.000000000000000000e+00
7.906970571242504242e-01 6.375786492826611418e-02 1.890671472078528925e-01 -1.580525823020470788e-01 1.800000000000000000e+01 1.400000000000000000e+01
6.876140609061596187e-01 1.128238388360608413e-01 1.539397712442665822e-01 -2.440650478972415383e-01 0.000000000000000000e+00 0.000000000000000000e+00
7.363031154759476227e-01 -1.836802122188840869e-02 9.563433356799858065e-02 -1.755628591754335999e-01 0.000000000000000000e+00 0.000000000000000000e+00
4.763438396457224111e-01 -7.706098503418605528e-02 3.289168070099896674e-02 -6.756872692403384506e-02 4.000000000000000000e+01 1.300000000000000000e+01
2.246214419156029041e-01 1.843511985670308329e-03 -7.759004288966631774e-03 -3.616778158496376794e-03 0.000000000000000000e+00 0.000000000000000000e+00
4.601217636737826577e-01 2.082008420039155594e-01 -1.070830493518656890e-02 -1.481115818791387678e-02 3.200000000000000000e+01 1.900000000000000000e+01
5.454247146599017215e-01 2.463937800752212526e-01 3.740465818529072756e-02 -2.797542167188685897e-02 0.000000000000000000e+00 0.000000000000000000e+00
7.186682530473011976e-01 2.027964392560026030e-01 1.876667688499500386e-01 -4.960007475822396372e-02 1.400000000000000000e+01 1.200000000000000000e+01
6.412839127320606458e-01 6.147440043624519124e-02 1.810551762334352832e-01 -4.815884592822328170e-02 0.000000000000000000e+00 0.000000000000000000e+00
7.122938687866191554e-01 -1.650621944249916484e-01 6.341112078713709299e-02 -5.637019982251671724e-02 3.200000000000000000e+01 1.000000000000000000e+01
6.047585710268206238e-01 -1.826068986028938634e-01 -3.719734270265249998e-02 -4.864777665136235663e-02 0.000000000000000000e+00 0.000000000000000000e+00
6.813226684204414241e-01 -1.614818333770635939e-02 -1.161510039301121011e-01 -5.524902272819495752e-02 0.000000000000000000e+00 0.000000000000000000e+00
4.475167612567390596e-01 6.970948752470935983e-02 -1.057113022642372641e-01 -3.636337778779807212e-02 0.000000000000000000e+00 0.000000000000000000e+00
7.272813317008225420e-02 5.646353883159401649e-02 -5.009141046126896341e-02 -5.920070040044693623e-03 0.000000000000000000e+00 0.000000000000000000e+00
-1.449037619044188652e-01 2.040615460083280985e-02 -7.499814809632459646e-03 1.179516621901969577e-02 3.600000000000000000e+01 1.700000000000000000e+01
-4.520302440584397785e-02 3.466076287180461235e-02 4.131384065814627110e-02 -4.269420656885088150e-02 0.000000000000000000e+00 0.000000000000000000e+00
4.622703684710053329e-01 1.487735028664374237e-01 1.475092834422660204e-01 -2.376088079935398112e-01 0.000000000000000000e+00 0.000000000000000000e+00
5.095679638057789562e-01 1.472169891392429708e-01 1.412826652417174533e-01 -2.377554866541825851e-01 0.000000000000000000e+00 0.000000000000000000e+00
2.175045957729042634e-01 6.305364602468638280e-02 6.199944947241295412e-02 -1.029516465439648532e-01 0.000000000000000000e+00 0.000000000000000000e+00
-2.379705946884780321e-02 -3.723026039714438708e-03 -2.482767415176224436e-05 4.474374197621581138e-03 2.800000000000000000e+01 1.300000000000000000e+01
2.782835701105829118e-02 -1.966982260837383048e-02 -1.943122614808611912e-02 -1.357222571165790648e-02 0.000000000000000000e+00 0.000000000000000000e+00
4.984058214854656943e-01 1.038356950985895935e-02 -5.987658883531608855e-03 -2.073974383572444180e-01 0.000000000000000000e+00 0.000000000000000000e+00
5.251203906971100288e-01 1.934185061894378235e-02 1.803291113138986296e-03 -2.179780685033204934e-01 3.400000000000000000e+01 1.300000000000000000e+01
3.625422562474261978e-01 3.653294241332838421e-02 3.493371381996946117e-03 -1.040370274888215152e-01 0.000000000000000000e+00 0.000000000000000000e+00
5.783287856773322577e-01 1.224663414487368179e-01 1.297666137141073595e-02 -3.985294742038968108e-02 3.800000000000000000e+01 1.400000000000000000e+01
6.173491997401946429e-01 1.596825995140104260e-01 2.271758131428060212e-02 -1.336432597637996628e-02 0.000000000000000000e+00 0.000000000000000000e+00
7.543651945024201222e-01 2.339946877421252847e-01 5.020769659736201707e-02 -2.760847371210320769e-02 0.000000000000000000e+00 0.000000000000000000e+00
5.175077487623443995e-01 1.775218912773342261e-01 4.344600601698102305e-02 -2.087110256820941256e-02 0.000000000000000000e+00 0.000000000000000000e+00
1.181964174835035686e-01 5.533115008525517353e-02 1.597636107729492536e-02 1.163982813112711748e-03 3.200000000000000000e+01 1.100000000000000000e+01
1.799556408661552587e-02 -1.812169901897232871e-03 -1.380286437493742635e-02 3.220883260237290824e-03 0.000000000000000000e+00 0.000000000000000000e+00
4.261887651296479840e-01 5.022436231435867260e-02 -5.362558306127486463e-02 -3.287060190361028311e-02 3.200000000000000000e+01 9.000000000000000000e+00
5.944579940525519524e-01 7.937246012446744214e-02 -7.546062099494907360e-02 -4.774482310715639360e-02 0.000000000000000000e+00 0.000000000000000000e+00
7.779388601563672623e-01 1.151379563180765647e-01 -1.274956820484118292e-01 -6.311358073549931669e-02 0.000000000000000000e+00 0.000000000000000000e+00
5.434534235503205579e-01 8.241735668601349318e-02 -1.037884912798940490e-01 -4.417262209849561611e-02 0.000000000000000000e+00 0.000000000000000000e+00
1.345642284965872237e-01 1.945943662662670548e-02 -3.766143126951871506e-02 -1.095352819962219781e-02 0.000000000000000000e+00 0.000000000000000000e+00
-1.131770030834139823e-01 -1.907270259919865291e-02 8.106427682734193216e-03 9.212608050989900405e-03 3.000000000000000000e+01 1.600000000000000000e+01
-3.133793110135160709e-02 -1.230169135978551043e-02 4.727391541634963501e-02 -4.382282516383656512e-02 0.000000000000000000e+00 0.000000000000000000e+00
4.677344056085482316e-01 4.521044070656358299e-02 1.258477434526812933e-01 -2.380535806165358093e-01 3.400000000000000000e+01 1.000000000000000000e+01
6.506354416461866963e-01 8.223559722708721764e-02 9.924888603717757496e-02 -2.028646465949052180e-01 0.000000000000000000e+00 0.000000000000000000e+00
8.181365864156554535e-01 1.489316957162432897e-01 -2.232052931099734461e-02 4.813690941771518739e-02 0.000000000000000000e+00 0.000000000000000000e+00
5.652852717009471117e-01 1.208360034449100368e-01 -7.103798510187929460e-02 1.527997268407924603e-01 0.000000000000000000e+00 0.000000000000000000e+00
1.444591391669654556e-01 4.130675245187293010e-02 -4.904675214693260399e-02 1.085545338243882746e-01 1.800000000000000000e+01 8.000000000000000000e+00
2.992829132833763062e-02 -3.928604964663133525e-02 -4.733926818528903790e-02 2.817933904068841561e-02 0.000000000000000000e+00 0.000000000000000000e+00
4.310208116244397258e-01 -1.427093621404532664e-01 -1.317955952781383888e-01 -4.910844367094176210e-02 3.400000000000000000e+01 2.000000000000000000e+01
5.961968810319123735e-01 -1.065317979446154528e-01 -7.211459378236879936e-02 -1.173362697653873021e-01 0.000000000000000000e+00 0.000000000000000000e+00
7.785708507991184746e-01 6.337794918398632904e-02 1.746751954972230458e-01 -2.797133307779768874e-01 0.000000000000000000e+00 0.000000000000000000e+00
5.436469026337303889e-01 1.183009569433776248e-01 2.268610041422475521e-01 -2.494290333146041982e-01 3.200000000000000000e+01 1.600000000000000000e+01
2.736993402742247117e-01 9.307133260977060174e-02 1.459819343282136583e-01 -1.579412960700253832e-01 0.000000000000000000e+00 0.000000000000000000e+00
4.868229969165859816e-01 1.125701847610164757e-01 1.262177334549621777e-01 -2.386806194888667909e-01 2.400000000000000000e+01 1.200000000000000000e+01
5.575509209850335601e-01 7.868895998606403874e-02 7.581890865530262202e-02 -2.535478678497525284e-01 0.000000000000000000e+00 0.000000000000000000e+00
7.235002995420929395e-01 2.736376658842895604e-03 1.438641780106116042e-03 -3.111775438003333005e-01 0.000000000000000000e+00 0.000000000000000000e+00
5.038876879337835790e-01 -3.489784981566880495e-02 -3.538430481573819064e-02 -2.137769195200288352e-01 3.800000000000000000e+01 1.200000000000000000e+01
2.520609712070078778e-01 1.060305382338767866e-02 -3.853723016828602271e-02 -1.360338282651607500e-02 0.000000000000000000e+00 0.000000000000000000e+00
4.769280862462077497e-01 1.682813497751670384e-01 -3.595688997406658316e-02 2.015338650249763330e-01 0.000000000000000000e+00 0.000000000000000000e+00
4.144456265732819888e-01 1.760492139565989489e-01 -2.409442659898523853e-02 2.204720649796153564e-01 3.800000000000000000e+01 1.000000000000000000e+01
2.611415568163016898e-01 1.211437075538276675e-01 -2.700872920198920182e-02 1.548811202168532963e-01 0.000000000000000000e+00 0.000000000000000000e+00
5.145603242880569805e-01 1.842980105373295818e-01 -7.474503009601982106e-02 1.814972464040280065e-01 0.000000000000000000e+00 0.000000000000000000e+00
4.458553384988010460e-01 1.507578083852207651e-01 -7.018000045343381066e-02 1.375236293162739321e-01 0.000000000000000000e+00 0.000000000000000000e+00
1.403066221145180537e-01 4.884571472279640447e-02 -2.914802292790807936e-02 4.600279768186533308e-02 2.400000000000000000e+01 7.000000000000000000e+00
6.228997131605377990e-02 -2.731789644832769218e-02 -3.556289422835748337e-02 -2.661927686262854920e-02 0.000000000000000000e+00 0.000000000000000000e+00
4.604981574871885863e-01 -6.607972303700328232e-02 -1.499709312930126159e-01 -8.256342575453357036e-02 1.600000000000000000e+01 1.300000000000000000e+01
6.138650674650151240e-01 -9.150217700135282461e-02 -1.442533611273348615e-01 -4.122275894349693853e-02 0.000000000000000000e+00 0.000000000000000000e+00
7.869719069660678912e-01 -1.747020821311000838e-01 -4.549208869686351825e-02 1.131204240737030409e-01 0.000000000000000000e+00 0.000000000000000000e+00
5.471785737085030910e-01 -1.510519075469994310e-01 2.214317650286226624e-02 1.403715762740292694e-01 0.000000000000000000e+00 0.000000000000000000e+00
1.358646039166062636e-01 -6.159359540018526785e-02 3.741270717313176231e-02 6.929102903112192846e-02 0.000000000000000000e+00 0.000000000000000000e+00
-1.127384915240725594e-01 3.939198879058488853e-03 2.759201871670102085e-02 4.753969496758590242e-03 0.000000000000000000e+00 0.000000000000000000e+00
-1.702795637955793195e-01 2.700672026331501704e-02 1.458216404175342353e-02 -2.185003642028998661e-02 3.600000000000000000e+01 1.900000000000000000e+01
6.869517386185769459e-03 6.114509230393792849e-02 5.167245106845069075e-02 -8.029634946362355918e-02 0.000000000000000000e+00 0.000000000000000000e+00
5.226114777821639912e-01 1.721777288366069525e-01 1.985138869223351810e-01 -2.636284465697850687e-01 0.000000000000000000e+00 0.000000000000000000e+00
5.512595445684959072e-01 1.616005874638134776e-01 1.933552523338983586e-01 -2.518698659460371636e-01 0.000000000000000000e+00 0.000000000000000000e+00
2.397749554828722818e-01 7.019025939381182133e-02 8.385533428357690167e-02 -1.094501760012440428e-01 0.000000000000000000e+00 0.000000000000000000e+00
-1.370866971505974377e-02 -6.563470340337565490e-04 -2.468442070825443112e-03 1.832015693720168972e-03 0.000000000000000000e+00 0.000000000000000000e+00
-1.073365721324651134e-01 -2.699061857016532909e-02 -3.443546279007888428e-02 4.315987466739015094e-02 0.000000000000000000e+00 0.000000000000000000e+00
-1.001003240111054543e-01 -2.581018924552291871e-02 -3.257323885600944824e-02 4.109031940494747848e-02 3.200000000000000000e+01 5.000000000000000000e+00
7.580516194770373084e-02 5.968375632291817584e-03 -7.252550501383989157e-02 6.118209169425946337e-02 0.000000000000000000e+00 0.000000000000000000e+00
5.678347296196536442e-01 8.820486443072962646e-02 -2.341476929954873221e-01 1.644789376267296044e-01 0.000000000000000000e+00 0.000000000000000000e+00
5.748302796984829932e-01 9.114181779266555816e-02 -2.240802459151561288e-01 1.541711918098234713e-01 3.400000000000000000e+01 9.000000000000000000e+00
3.894369685736392972e-01 6.910970381548350860e-02 -1.211409618281479167e-01 1.017414995395858612e-01 0.000000000000000000e+00 0.000000000000000000e+00
5.904549920024640963e-01 1.248700171061196962e-01 -1.014152317632575628e-01 1.500237277028633742e-01 2.800000000000000000e+01 7.000000000000000000e+00
6.221812462349863848e-01 1.156389130061132031e-01 -1.006380623266645152e-01 1.571487408890510362e-01 0.000000000000000000e+00 0.000000000000000000e+00
7.561040814817806544e-01 7.450170390690294409e-02 -1.707822477399375538e-01 1.905915912822615244e-01 2.400000000000000000e+01 1.300000000000000000e+01
6.572748511827330997e-01 1.872471137951572592e-02 -1.319459355030642433e-01 1.191938022574439010e-01 0.000000000000000000e+00 0.000000000000000000e+00
7.183898965669133219e-01 -3.517635239539567554e-02 -2.320947045439115258e-02 -1.901758505479453007e-02 0.000000000000000000e+00 0.000000000000000000e+00
4.677493043953632190e-01 -4.668228488456471065e-02 4.057044421925480593e-02 -7.845060462320020689e-02 3.800000000000000000e+01 5.000000000000000000e+00
2.210897708408302020e-01 1.267679024661265766e-02 -3.242166866892833010e-03 1.683338709341902772e-02 0.000000000000000000e+00 0.000000000000000000e+00
4.588213882537636179e-01 1.737313417136271687e-01 -1.904276755889885986e-01 3.181544012579804459e-01 0.000000000000000000e+00 0.000000000000000000e+00
4.058510913229227413e-01 1.803282173684626621e-01 -2.024703540828001747e-01 3.336361684943739414e-01 2.200000000000000000e+01 9.000000000000000000e+00
2.576098857415289878e-01 6.789328960483681508e-02 -1.122808498732252580e-01 9.056960925643428584e-02 0.000000000000000000e+00 0.000000000000000000e+00
5.132599488680379407e-01 -5.457051143750421551e-02 -9.833890169307162032e-02 -2.521644880013755863e-01 0.000000000000000000e+00 0.000000000000000000e+00
4.454168269394596091e-01 -8.434385467460005226e-02 -6.176799097750263617e-02 -3.047093818541924959e-01 1.000000000000000000e+01 1.100000000000000000e+01
2.792482548087458216e-01 -1.074317888124449033e-01 -1.703747362533920839e-02 -1.750016624333859405e-01 0.000000000000000000e+00 0.000000000000000000e+00
5.231548595384162281e-01 -2.521833712508184666e-01 -1.875115845621315794e-02 -8.235123953750624060e-02 1.200000000000000000e+01 1.400000000000000000e+01
5.885221213512112914e-01 -2.768206506883712503e-01 -1.899178432450117013e-03 1.202569504094944119e-02 0.000000000000000000e+00 0.000000000000000000e+00
7.416069975345370713e-01 -2.983878194479356316e-01 5.018637726817010147e-02 1.633931357013467811e-01 3.400000000000000000e+01 1.900000000000000000e+01
6.516173349617803146e-01 -1.633871185286615013e-01 1.045483025798656512e-01 1.142617827192332625e-01 0.000000000000000000e+00 0.000000000000000000e+00
7.164575305041430697e-01 8.308407797252248539e-02 2.300746584792461857e-01 -1.636204943712663007e-01 0.000000000000000000e+00 0.000000000000000000e+00
4.671173137526120067e-01 1.665840789390302668e-01 2.020496702661399302e-01 -2.325729232813465996e-01 0.000000000000000000e+00 0.000000000000000000e+00
8.176117997978289698e-02 1.146192544990272955e-01 8.118515817972213333e-02 -1.252766967298998280e-01 0.000000000000000000e+00 0.000000000000000000e+00
-1.411786117462363599e-01 4.479776832117781521e-02 -7.508385098930959144e-03 -1.847950534995013161e-02 3.800000000000000000e+01 7.000000000000000000e+00
-4.390264898582493802e-02 4.799985177790955237e-02 -7.612686211647554102e-02 1.105690467355384399e-01 0.000000000000000000e+00 0.000000000000000000e+00
4.627088800303467142e-01 1.786589384031423144e-01 -1.982317115742588398e-01 3.848520946379332952e-01 3.000000000000000000e+01 6.000000000000000000e+00
6.488965546668262752e-01 1.907841815165834398e-01 -2.270997020427595880e-01 4.025234144145286574e-01 0.000000000000000000e+00 0.000000000000000000e+00
8.175045957729042412e-01 1.414544739127366058e-01 -2.742714766221689970e-01 3.128537684294062093e-01 2.600000000000000000e+01 1.800000000000000000e+01
7.042269043951748797e-01 6.229359385430884716e-02 -1.541129753265756408e-01 1.379189005728831963e-01 0.000000000000000000e+00 0.000000000000000000e+00
7.444591391669654890e-01 1.330811125759908016e-03 1.106980790450025898e-01 -4.388567206518271396e-02 0.000000000000000000e+00 0.000000000000000000e+00
4.796820316370853376e-01 -2.564401738933552027e-02 1.922330733999614016e-01 -1.073193777585770420e-01 1.400000000000000000e+01 6.000000000000000000e+00
2.259218173356219439e-01 -6.884380559373536046e-02 7.698694845080714111e-02 -1.417129465566135949e-01 0.000000000000000000e+00 0.000000000000000000e+00
4.605602752331240390e-01 -1.945689472400568831e-01 -1.549244109018221571e-01 -2.920025010997251425e-01 1.600000000000000000e+01 1.200000000000000000e+01
5.456181937433114415e-01 -2.159798522301715207e-01 -1.981598223988414731e-01 -2.711062112819285774e-01 0.000000000000000000e+00 0.000000000000000000e+00
7.186682530473011976e-01 -2.236801555758406168e-01 -1.118684471362537958e-01 -1.581099264234700763e-01 2.200000000000000000e+01 2.000000000000000000e+01
6.412839127320606458e-01 -1.537833756364989646e-01 2.914041448057292510e-02 -9.263514814982512502e-03 0.000000000000000000e+00 0.000000000000000000e+00
7.122938687866191554e-01 -8.527902373742748954e-02 2.475417749622760566e-01 1.748235026458327124e-01 1.200000000000000000e+01 1.700000000000000000e+01
6.047585710268206238e-01 -6.944144988661891948e-02 2.828623071004737755e-01 2.721904311390017650e-01 0.000000000000000000e+00 0.000000000000000000e+00
6.813226684204414241e-01 -1.829016161344762526e-01 2.543316602757935696e-01 4.506398504572139974e-01 0.000000000000000000e+00 0.000000000000000000e+00
4.475167612567390596e-01 -1.659298331150826922e-01 1.431464407874578348e-01 3.643032378021060502e-01 0.000000000000000000e+00 0.000000000000000000e+00
7.272813317008225420e-02 -5.819529131023958718e-02 2.423422858945656344e-02 1.342180383178085412e-01 0.000000000000000000e+00 0.000000000000000000e+00
-1.449037619044188652e-01 2.069784536940422540e-02 -3.682001101956284411e-02 -2.461181409261792644e-02 0.000000000000000000e+00 0.000000000000000000e+00
-1.843381361834814935e-01 4.520403493764050401e-02 -4.679308453498476350e-02 -7.553819548751598834e-02 1.000000000000000000e+01 7.000000000000000000e+00
1.405480248642843044e-03 -1.605253423415021335e-02 -7.235927664745528398e-02 -1.233137188409483276e-01 0.000000000000000000e+00 0.000000000000000000e+00
5.206791117193937390e-01 -2.102277725302975353e-01 -1.831689187527991702e-01 -2.890776003390534976e-01 1.800000000000000000e+01 2.000000000000000000e+01
6.897626657033821829e-01 -2.438329278597810845e-01 -1.174527132721118194e-01 -2.293153519736808865e-01 0.000000000000000000e+00 0.000000000000000000e+00
8.395814763994624563e-01 -2.079088546201285914e-01 1.527124374802623641e-01 3.637438755329761020e-02 0.000000000000000000e+00 0.000000000000000000e+00
5.751801823713253992e-01 -1.064301195748710849e-01 2.227833056369301623e-01 1.481407650713948143e-01 1.200000000000000000e+01 6.000000000000000000e+00
2.875644335787170824e-01 -5.390729231469158778e-02 7.978030999540453028e-02 4.917923507123569266e-02 0.000000000000000000e+00 0.000000000000000000e+00
4.922870340541289358e-01 -1.630537841661468534e-01 -1.695108867655341911e-01 -2.098580107787132165e-01 3.200000000000000000e+01 6.000000000000000000e+00
5.594832870478038123e-01 -1.327220639310033312e-01 -2.574560026539274293e-01 -2.095972033202185281e-01 0.000000000000000000e+00 0.000000000000000000e+00
7.241322901848441518e-01 4.120716714110200796e-02 -3.049135869195144788e-01 3.335674823700017499e-02 1.800000000000000000e+01 7.000000000000000000e+00
6.432162787948308980e-01 8.849683230580704385e-02 -2.455075957201719450e-01 1.300984793404216799e-01 0.000000000000000000e+00 0.000000000000000000e+00
7.129258594293703677e-01 -2.835050807995900812e-02 -2.228500659609773671e-01 5.338182175520216760e-02 4.000000000000000000e+01 1.000000000000000000e+01
6.049520501102304548e-01 -2.516932745249369358e-02 -1.478841805853946534e-01 2.370447326316246078e-02 0.000000000000000000e+00 0.000000000000000000e+00
6.813226684204414241e-01 1.740031299638656048e-01 -9.093095593101685470e-02 1.288864640891496105e-01 1.400000000000000000e+01 1.400000000000000000e+01
5.866518730343766030e-01 1.691477231610608589e-01 -1.762370659470921530e-02 1.718852427667566241e-01 0.000000000000000000e+00 0.000000000000000000e+00
6.727281331700822875e-01 -6.646335440879400092e-02 6.836088041348328814e-02 2.138983964038481123e-01 3.000000000000000000e+01 1.900000000000000000e+01
5.831202019596039010e-01 -1.419832619723231937e-01 1.311890939038966031e-01 1.373093687856962175e-01 0.000000000000000000e+00 0.000000000000000000e+00
6.714277577500631367e-01 -3.497298087692343738e-02 2.514376512128892460e-01 -8.515846905499974140e-03 0.000000000000000000e+00 0.000000000000000000e+00
4.435465786226249207e-01 3.707241870539382256e-02 2.150982859680348747e-01 -7.340530166512559962e-02 0.000000000000000000e+00 0.000000000000000000e+00
7.123427866665342501e-02 3.841519704064810109e-02 8.784601576786106591e-02 -6.248816231803169807e-02 2.400000000000000000e+01 1.800000000000000000e+01
-6.207161686122758537e-03 1.179436564757519595e-02 3.404231160480859081e-02 2.794873106066110557e-03 0.000000000000000000e+00 0.000000000000000000e+00
4.154683847331087088e-01 -2.157302822833028974e-02 1.293784586262119729e-01 1.403672790275202198e-01 1.000000000000000000e+01 1.200000000000000000e+01
5.902943323350280380e-01 -8.068851675201027529e-02 1.259409319393939020e-01 1.356848475526084008e-01 0.000000000000000000e+00 0.000000000000000000e+00
7.764450056529385025e-01 -2.469811072980643007e-01 3.584245092879756456e-02 1.671436920229214113e-02 4.000000000000000000e+01 1.900000000000000000e+01
6.821500237686166646e-01 -1.807724819759225499e-01 1.918764171959548223e-02 -1.064698443062813971e-01 0.000000000000000000e+00 0.000000000000000000e+00
7.343707494131774816e-01 1.201383919202887451e-01 1.566721768587335251e-01 -2.955330584939832583e-01 2.400000000000000000e+01 9.000000000000000000e+00
6.148469607806087422e-01 2.135793261313346514e-01 1.394676933809479158e-01 -3.260623677563217471e-01 0.000000000000000000e+00 0.000000000000000000e+00
6.852928510545555074e-01 1.121622056889269026e-01 -3.567470209646551871e-02 -3.621174828022081793e-01 0.000000000000000000e+00 0.000000000000000000e+00
4.490106157601678749e-01 1.416264729395852635e-02 -1.110610713069483529e-01 -2.410095095841819079e-01 0.000000000000000000e+00 0.000000000000000000e+00
7.316664472942367714e-02 -2.286904704018961204e-02 -8.113481076615347565e-02 -6.082152420138450810e-02 0.000000000000000000e+00 0.000000000000000000e+00
-1.447102828210090619e-01 -2.288578768420114484e-02 -3.202630810993511989e-02 4.564834251221690925e-02 1.600000000000000000e+01 1.800000000000000000e+01
-4.520302440584397785e-02 -4.639819236654342538e-02 3.587077665513219160e-02 1.519069686044105805e-01 0.000000000000000000e+00 0.000000000000000000e+00
4.622703684710053329e-01 -1.489822395243676767e-01 1.729792708150147407e-01 4.060540296546730765e-01 3.600000000000000000e+01 1.200000000000000000e+01
6.487030755834164442e-01 -1.062837576649303117e-01 1.664330223613618986e-01 4.118461213871933424e-01 0.000000000000000000e+00 0.000000000000000000e+00
8.175045957729042412e-01 9.499972384809353410e-02 6.108479141493040193e-02 3.164960955852923474e-01 2.600000000000000000e+01 9.000000000000000000e+00
7.042269043951748797e-01 1.569758615844240590e-01 -3.770755234063003641e-02 1.392070157903258498e-01 0.000000000000000000e+00 0.000000000000000000e+00
7.444591391669654890e-01 9.848521089270828588e-02 -1.378640317093071110e-01 -4.346438710272475942e-02 2.000000000000000000e+01 1.200000000000000000e+01
6.188171434147228256e-01 8.929545293258574212e-03 -1.319988397487561194e-01 -1.648897354557623540e-01 0.000000000000000000e+00 0.000000000000000000e+00
6.867867055579843782e-01 -9.293231076666488844e-02 -7.280108493374247425e-02 -3.328336157024273101e-01 2.400000000000000000e+01 1.400000000000000000e+01
5.885842390971468552e-01 -1.056317485646025289e-01 -7.926014011119060856e-03 -2.987203061586487518e-01 0.000000000000000000e+00 0.000000000000000000e+00
6.733601238128334998e-01 -7.322739731774599581e-02 5.627876252102078508e-02 -1.704745224372459234e-01 0.000000000000000000e+00 0.000000000000000000e+00
