0.000000000000000000e+00
1.391351117776375157e-01
5.999999999999999778e-01
7.280239638640226829e-01
8.557658939335446302e-01
7.204113219292570536e-01
7.505551669472596554e-01
4.818078767832653098e-01
8.741869620073562663e-02
-1.392462456834661078e-01
-4.327065834307372572e-02
4.629023591137564897e-01
5.097614428891887872e-01
3.566397075505417513e-01
5.762029405311521746e-01
6.167172090974434306e-01
7.541717154190104022e-01
5.175077487623443995e-01
1.181964174835035686e-01
-1.211395476910219898e-01
-3.467612309271450588e-02
4.664340301885291917e-01
6.501969300868453150e-01
8.179431073322456225e-01
7.044203834785845997e-01
7.444591391669654890e-01
4.796820316370853376e-01
2.259218173356219439e-01
4.605602752331240390e-01
5.456181937433114415e-01
7.186682530473011976e-01
5.021488009544231579e-01
2.514289805642566655e-01
4.767346071627979187e-01
4.144456265732819888e-01
1.220064450386641464e-01
-8.543967571194295563e-02
-1.430335135875840935e-01
2.367583995861084756e-02
5.307675014731818575e-01
6.937328483374962662e-01
8.410753309028913272e-01
7.147538057083042684e-01
7.486228008844892923e-01
6.203109979181516964e-01
6.872252171173258706e-01
5.887777181805565752e-01
6.733601238128334998e-01
5.833136810430136210e-01
6.714277577500631367e-01
5.826816904002624087e-01
6.712342786666534167e-01
5.826816904002624087e-01
6.712342786666534167e-01
5.826816904002624087e-01
6.712342786666534167e-01
5.826816904002624087e-01
6.712342786666534167e-01
4.435465786226249207e-01
2.103693904442909268e-01
4.546577265362397036e-01
5.434923485971314694e-01
7.180362624045499853e-01
5.019553218710133269e-01
2.514289805642566655e-01
4.767346071627979187e-01
5.535807383509194768e-01
7.220064450386640686e-01
6.425842881520796857e-01
7.127323803459606477e-01
4.658169383325929669e-01
2.204577801980789897e-01
4.586279091703537869e-01
4.058510913229227413e-01
1.184747739638914721e-01
5.239506064567552024e-02
4.565279748530744475e-01
4.732361011839487097e-01
1.865333954067265321e-01
9.723135431634559456e-02
4.800987099830615334e-01
6.228981142747157529e-01
7.906970571242504242e-01
6.876140609061596187e-01
7.363031154759476227e-01
4.763438396457224111e-01
2.246214419156029041e-01
4.601217636737826577e-01
5.454247146599017215e-01
7.186682530473011976e-01
6.412839127320606458e-01
7.122938687866191554e-01
6.047585710268206238e-01
6.813226684204414241e-01
4.475167612567390596e-01
7.272813317008225420e-02
-1.449037619044188652e-01
-4.520302440584397785e-02
4.622703684710053329e-01
5.095679638057789562e-01
2.175045957729042634e-01
-2.379705946884780321e-02
2.782835701105829118e-02
4.984058214854656943e-01
5.251203906971100288e-01
3.625422562474261978e-01
5.783287856773322577e-01
6.173491997401946429e-01
7.543651945024201222e-01
5.175077487623443995e-01
1.181964174835035686e-01
1.799556408661552587e-02
4.261887651296479840e-01
5.944579940525519524e-01
7.779388601563672623e-01
5.434534235503205579e-01
1.345642284965872237e-01
-1.131770030834139823e-01
-3.133793110135160709e-02
4.677344056085482316e-01
6.506354416461866963e-01
8.181365864156554535e-01
5.652852717009471117e-01
1.444591391669654556e-01
2.992829132833763062e-02
4.310208116244397258e-01
5.961968810319123735e-01
7.785708507991184746e-01
5.436469026337303889e-01
2.736993402742247117e-01
4.868229969165859816e-01
5.575509209850335601e-01
7.235002995420929395e-01
5.038876879337835790e-01
2.520609712070078778e-01
4.769280862462077497e-01
4.144456265732819888e-01
2.611415568163016898e-01
5.145603242880569805e-01
4.458553384988010460e-01
1.403066221145180537e-01
6.228997131605377990e-02
4.604981574871885863e-01
6.138650674650151240e-01
7.869719069660678912e-01
5.471785737085030910e-01
1.358646039166062636e-01
-1.127384915240725594e-01
-1.702795637955793195e-01
6.869517386185769459e-03
5.226114777821639912e-01
5.512595445684959072e-01
2.397749554828722818e-01
-1.370866971505974377e-02
-1.073365721324651134e-01
-1.001003240111054543e-01
7.580516194770373084e-02
5.678347296196536442e-01
5.748302796984829932e-01
3.894369685736392972e-01
5.904549920024640963e-01
6.221812462349863848e-01
7.561040814817806544e-01
6.572748511827330997e-01
7.183898965669133219e-01
4.677493043953632190e-01
2.210897708408302020e-01
4.588213882537636179e-01
4.058510913229227413e-01
2.576098857415289878e-01
5.132599488680379407e-01
4.454168269394596091e-01
2.792482548087458216e-01
5.231548595384162281e-01
5.885221213512112914e-01
7.416069975345370713e-01
6.516173349617803146e-01
7.164575305041430697e-01
4.671173137526120067e-01
8.176117997978289698e-02
-1.411786117462363599e-01
-4.390264898582493802e-02
4.627088800303467142e-01
6.488965546668262752e-01
8.175045957729042412e-01
7.042269043951748797e-01
7.444591391669654890e-01
4.796820316370853376e-01
2.259218173356219439e-01
4.605602752331240390e-01
5.456181937433114415e-01
7.186682530473011976e-01
6.412839127320606458e-01
7.122938687866191554e-01
6.047585710268206238e-01
6.813226684204414241e-01
4.475167612567390596e-01
7.272813317008225420e-02
-1.449037619044188652e-01
-1.843381361834814935e-01
1.405480248642843044e-03
5.206791117193937390e-01
6.897626657033821829e-01
8.395814763994624563e-01
5.751801823713253992e-01
2.875644335787170824e-01
4.922870340541289358e-01
5.594832870478038123e-01
7.241322901848441518e-01
6.432162787948308980e-01
7.129258594293703677e-01
6.049520501102304548e-01
6.813226684204414241e-01
5.866518730343766030e-01
6.727281331700822875e-01
5.831202019596039010e-01
6.714277577500631367e-01
4.435465786226249207e-01
7.123427866665342501e-02
-6.207161686122758537e-03
4.154683847331087088e-01
5.902943323350280380e-01
7.764450056529385025e-01
6.821500237686166646e-01
7.343707494131774816e-01
6.148469607806087422e-01
6.852928510545555074e-01
4.490106157601678749e-01
7.316664472942367714e-02
-1.447102828210090619e-01
-4.520302440584397785e-02
4.622703684710053329e-01
6.487030755834164442e-01
8.175045957729042412e-01
7.042269043951748797e-01
7.444591391669654890e-01
6.188171434147228256e-01
6.867867055579843782e-01
5.885842390971468552e-01
6.733601238128334998e-01
