0.000000000000000000e+00
0.000000000000000000e+00
0.000000000000000000e+00
-3.158367037352371662e-03
-1.362000000000000016e-02
4.344122786932309854e-03
7.057411420770852428e-02
7.513835784251601813e-02
3.494728180032891096e-02
1.288841849165982094e-03
1.270852765876713877e-02
9.444783279984236835e-02
9.669185034208897800e-02
-1.047896844150386642e-02
-2.267155129703889715e-01
-2.350155742557533678e-01
-9.682128239983858742e-02
7.640619087721399992e-03
4.046726436376420905e-02
3.436431324954911798e-02
5.131338505991060034e-02
1.453099022668698226e-01
8.540273225634109622e-02
-1.643603813906150402e-01
-2.588249027938671065e-01
-2.827747046443159773e-01
-1.803425544286238191e-01
-7.586802499864599147e-02
-1.017828888292394984e-01
-9.919253907877771670e-02
-9.270845016955100992e-02
-4.854360809664660936e-02
6.510606666514592161e-03
4.397565673264457881e-02
4.475937845974587576e-02
2.694594200525467567e-02
1.086306662219856459e-02
2.349772450713640860e-03
3.108051233663107829e-02
1.354717586930595796e-01
1.787954353904499527e-01
2.542217977476264323e-01
2.433866492241704149e-01
2.861318923868093056e-01
2.217402869569605195e-01
1.540887990588533374e-01
9.813408147845641138e-03
-2.418292154061076893e-01
-2.732860344417130105e-01
-1.564597985249920331e-01
-1.756561282402769805e-02
1.226113153221790320e-01
8.181493666725074554e-02
-1.556419561564582055e-01
-1.553125332993480767e-01
1.186543649596099176e-01
2.416481009648233091e-01
2.618976173515245032e-01
1.627007853076320454e-01
-5.307700474607872365e-03
-2.218253281504379837e-01
-1.942808975225542578e-01
5.102490248757290958e-02
1.467864979007124648e-01
5.778611181444798239e-02
-1.374877724254088829e-01
-2.157492528615128635e-01
-2.810766780260286479e-01
-1.485985972556367885e-01
1.653293340916181520e-01
2.484817890807410612e-01
1.640664515668105450e-01
1.139042411997114312e-01
5.932026489537613884e-02
6.850693285534619967e-03
-6.464124239085089485e-02
-2.172179669909667377e-01
-2.073247144935216335e-01
-9.241530235361090917e-02
1.541141701847961211e-02
1.083214557858395710e-01
1.379257946082003139e-01
1.890460308927118249e-01
1.539339565469236282e-01
9.563433356799858065e-02
3.288455611335661111e-02
-7.760966152130583523e-03
-1.070830493518656890e-02
3.740465818529072756e-02
1.876848293718053895e-01
1.810601494717935522e-01
6.341112078713709299e-02
-3.719734270265249998e-02
-1.161581285177544498e-01
-1.057132641274012158e-01
-5.010413173991080937e-02
-7.503317806468016299e-03
4.130951441600366758e-02
1.475080921459378802e-01
1.412826652417174533e-01
6.199792157577009577e-02
-2.524840364411023842e-05
-1.944954411772745542e-02
-5.992703014038768677e-03
1.804561561995870729e-03
3.493721219340400422e-03
1.298352851126711310e-02
2.271947228529565960e-02
5.020769659736201707e-02
4.344600601698102305e-02
1.597636107729492536e-02
-1.381558565357927232e-02
-5.362908605811041868e-02
-7.546062099494907360e-02
-1.274956820484118292e-01
-1.037884912798940490e-01
-3.766295916616157341e-02
8.106006953241845503e-03
4.727391541634963501e-02
1.258462155560384210e-01
9.924846530768523245e-02
-2.232485555313995507e-02
-7.103917639820744867e-02
-4.904675214693260399e-02
-4.733926818528903790e-02
-1.317915264837817568e-01
-7.211347337818954650e-02
1.746848609825791265e-01
2.268636656800984142e-01
1.459819343282136583e-01
1.262177334549621777e-01
7.581890865530262202e-02
1.428718846964018713e-03
-3.538703724573794701e-02
-3.853036302842964556e-02
-3.595499900305152569e-02
-2.409442659898523853e-02
-2.700872920198920182e-02
-7.473256626516396051e-02
-7.017656834874715088e-02
-2.916913924304916084e-02
-3.556870892570044435e-02
-1.499709312930126159e-01
-1.442632840604769484e-01
-4.549482112686327462e-02
2.214444695171914959e-02
3.741305701047521748e-02
2.759201871670102085e-02
1.458343449061030861e-02
5.167280090579414592e-02
1.985138869223351810e-01
1.933621194737547289e-01
8.385722525459196608e-02
-2.468442070825443112e-03
-3.443546279007888428e-02
-3.255797667965383557e-02
-7.252130234231742023e-02
-2.341492208921301943e-01
-2.240806666446484852e-01
-1.211409618281479167e-01
-1.014152317632575628e-01
-1.006380623266645152e-01
-1.707822477399375538e-01
-1.319642534727055727e-01
-2.321451458489831240e-02
4.057044421925480593e-02
-3.242166866892833010e-03
-1.904276755889885986e-01
-2.024703540828001747e-01
-1.122808498732252580e-01
-9.831804282571651732e-02
-6.176224717230856948e-02
-1.703747362533920839e-02
-1.874149297085703561e-02
-1.896516894599256653e-03
5.020163944452571414e-02
1.045525052513881226e-01
2.300731305826033135e-01
2.020492495366475738e-01
8.118515817972213333e-02
-7.487526231575855271e-03
-7.612111831128147432e-02
-1.982317115742588398e-01
-2.270900365574034796e-01
-2.742688150843181627e-01
-1.541129753265756408e-01
1.107021478393592218e-01
1.922341938041406684e-01
7.698262220866453065e-02
-1.549256021981502973e-01
-1.981781403684828025e-01
-1.118734912667609660e-01
2.914041448057292510e-02
2.475417749622760566e-01
2.828623071004737755e-01
2.543469224521491823e-01
1.431506434589802923e-01
2.425228911131192128e-02
-3.681503778120457510e-02
-4.680860415912635464e-02
-7.236355021112664265e-02
-1.831689187527991702e-01
-1.174346527502564685e-01
1.527174107186206609e-01
2.227845760857870561e-01
7.978065983274798545e-02
-1.695320030806752587e-01
-2.574618173512703834e-01
-3.049263081981563595e-01
-2.455110987170075199e-01
-2.228500659609773671e-01
-1.478841805853946534e-01
-9.093095593101685470e-02
-1.762370659470921530e-02
6.837614258983890081e-02
1.311932965754190605e-01
2.514165348977481784e-01
2.150924712706919206e-01
8.784601576786106591e-02
3.406037212666394864e-02
1.293834318645702419e-01
1.259589924612492529e-01
3.584742416715583357e-02
1.920290389595109490e-02
1.566763795302559825e-01
1.394745605208042860e-01
-3.567281112545045429e-02
-1.110653975490909634e-01
-8.113600206248162972e-02
-3.204462607957645620e-02
3.586573252462503525e-02
1.729792708150147407e-01
1.664330223613618986e-01
6.106927179078881079e-02
-3.771182590430139508e-02
-1.378627612604502173e-01
