0.000000000000000000e+00
1.771189972929325396e-02
7.637999999999998957e-02
7.180718383324447007e-02
1.893899829774024074e-02
3.375033468636651560e-03
5.718078866235443147e-02
6.247603900472452343e-02
2.691000907429640793e-02
-2.805797070252099776e-03
1.091887139378719396e-02
9.375226087223315075e-02
9.644586014229832027e-02
-1.055942085032610112e-02
-2.267401428577070499e-01
-2.350155742557533678e-01
-9.682128239983858742e-02
7.639348638864515775e-03
4.046691452642075387e-02
3.437143783719147361e-02
5.131534692307455209e-02
1.453099022668698226e-01
8.540273225634109622e-02
-1.643603813906150402e-01
-2.588149798607249918e-01
-2.827719722143162695e-01
-1.803425544286238191e-01
-7.588888386600109448e-02
-1.017886326344335790e-01
-9.919101118213485835e-02
-9.270802944005865354e-02
-4.854360809664660936e-02
6.510606666514592161e-03
4.397565673264457881e-02
4.477209973838772172e-02
2.694944500209023319e-02
1.084220775484346158e-02
2.344028645519571560e-03
3.106525016027546562e-02
1.354675560215371222e-01
1.787954353904499527e-01
2.542093339167705301e-01
2.433832171194837413e-01
2.861250252469529354e-01
2.217383959859454690e-01
1.540887990588533374e-01
9.814936044488499489e-03
-2.418287946766153329e-01
-2.732860344417130105e-01
-1.564597985249920331e-01
-1.756561282402769805e-02
1.226113153221790320e-01
8.182765794589258457e-02
-1.556384531596226584e-01
-1.552942153297067474e-01
1.186594090901170878e-01
2.416692172799644045e-01
2.619034320488674572e-01
1.627107082407741323e-01
-5.304968044608115996e-03
-2.218461870177931283e-01
-1.942866413277483384e-01
5.102363203871601582e-02
1.467861480633690097e-01
5.779603474759008319e-02
-1.374850399954091196e-01
-2.157701117288679526e-01
-2.810824218312226730e-01
-1.485774809404956931e-01
1.653351487889611060e-01
2.484945103593829141e-01
1.640699545636460921e-01
1.139042411997114312e-01
5.930220437352078100e-02
6.845720047176352685e-03
-6.462572276670930371e-02
-2.172136934272953512e-01
-2.073247144935216335e-01
-9.243056452996652184e-02
1.540721434695714771e-02
1.083033952639841924e-01
1.379208213698420171e-01
1.890671472078528925e-01
1.539397712442665822e-01
9.563433356799858065e-02
3.289168070099896674e-02
-7.759004288966631774e-03
-1.070830493518656890e-02
3.740465818529072756e-02
1.876667688499500386e-01
1.810551762334352832e-01
6.341112078713709299e-02
-3.719734270265249998e-02
-1.161510039301121011e-01
-1.057113022642372641e-01
-5.009141046126896341e-02
-7.499814809632459646e-03
4.131384065814627110e-02
1.475092834422660204e-01
1.412826652417174533e-01
6.199944947241295412e-02
-2.482767415176224436e-05
-1.943122614808611912e-02
-5.987658883531608855e-03
1.803291113138986296e-03
3.493371381996946117e-03
1.297666137141073595e-02
2.271758131428060212e-02
5.020769659736201707e-02
4.344600601698102305e-02
1.597636107729492536e-02
-1.380286437493742635e-02
-5.362558306127486463e-02
-7.546062099494907360e-02
-1.274956820484118292e-01
-1.037884912798940490e-01
-3.766143126951871506e-02
8.106427682734193216e-03
4.727391541634963501e-02
1.258477434526812933e-01
9.924888603717757496e-02
-2.232052931099734461e-02
-7.103798510187929460e-02
-4.904675214693260399e-02
-4.733926818528903790e-02
-1.317955952781383888e-01
-7.211459378236879936e-02
1.746751954972230458e-01
2.268610041422475521e-01
1.459819343282136583e-01
1.262177334549621777e-01
7.581890865530262202e-02
1.438641780106116042e-03
-3.538430481573819064e-02
-3.853723016828602271e-02
-3.595688997406658316e-02
-2.409442659898523853e-02
-2.700872920198920182e-02
-7.474503009601982106e-02
-7.018000045343381066e-02
-2.914802292790807936e-02
-3.556289422835748337e-02
-1.499709312930126159e-01
-1.442533611273348615e-01
-4.549208869686351825e-02
2.214317650286226624e-02
3.741270717313176231e-02
2.759201871670102085e-02
1.458216404175342353e-02
5.167245106845069075e-02
1.985138869223351810e-01
1.933552523338983586e-01
8.385533428357690167e-02
-2.468442070825443112e-03
-3.443546279007888428e-02
-3.257323885600944824e-02
-7.252550501383989157e-02
-2.341476929954873221e-01
-2.240802459151561288e-01
-1.211409618281479167e-01
-1.014152317632575628e-01
-1.006380623266645152e-01
-1.707822477399375538e-01
-1.319459355030642433e-01
-2.320947045439115258e-02
4.057044421925480593e-02
-3.242166866892833010e-03
-1.904276755889885986e-01
-2.024703540828001747e-01
-1.122808498732252580e-01
-9.833890169307162032e-02
-6.176799097750263617e-02
-1.703747362533920839e-02
-1.875115845621315794e-02
-1.899178432450117013e-03
5.018637726817010147e-02
1.045483025798656512e-01
2.300746584792461857e-01
2.020496702661399302e-01
8.118515817972213333e-02
-7.508385098930959144e-03
-7.612686211647554102e-02
-1.982317115742588398e-01
-2.270997020427595880e-01
-2.742714766221689970e-01
-1.541129753265756408e-01
1.106980790450025898e-01
1.922330733999614016e-01
7.698694845080714111e-02
-1.549244109018221571e-01
-1.981598223988414731e-01
-1.118684471362537958e-01
2.914041448057292510e-02
2.475417749622760566e-01
2.828623071004737755e-01
2.543316602757935696e-01
1.431464407874578348e-01
2.423422858945656344e-02
-3.682001101956284411e-02
-4.679308453498476350e-02
-7.235927664745528398e-02
-1.831689187527991702e-01
-1.174527132721118194e-01
1.527124374802623641e-01
2.227833056369301623e-01
7.978030999540453028e-02
-1.695108867655341911e-01
-2.574560026539274293e-01
-3.049135869195144788e-01
-2.455075957201719450e-01
-2.228500659609773671e-01
-1.478841805853946534e-01
-9.093095593101685470e-02
-1.762370659470921530e-02
6.836088041348328814e-02
1.311890939038966031e-01
2.514376512128892460e-01
2.150982859680348747e-01
8.784601576786106591e-02
3.404231160480859081e-02
1.293784586262119729e-01
1.259409319393939020e-01
3.584245092879756456e-02
1.918764171959548223e-02
1.566721768587335251e-01
1.394676933809479158e-01
-3.567470209646551871e-02
-1.110610713069483529e-01
-8.113481076615347565e-02
-3.202630810993511989e-02
3.587077665513219160e-02
1.729792708150147407e-01
1.664330223613618986e-01
6.108479141493040193e-02
-3.770755234063003641e-02
-1.378640317093071110e-01
-1.319988397487561194e-01
-7.280108493374247425e-02
-7.926014011119060856e-03
5.627876252102078508e-02
