0.000000000000000000e+00
-1.132559809869969347e-02
-4.884000000000000147e-02
-1.056348834140180271e-01
-2.696393437661905312e-01
-2.085444032499471356e-01
5.363803696244261177e-02
1.595947867870917414e-01
1.131976258818393893e-01
4.195014635344924275e-02
-1.050111801558616803e-02
-6.011236292576283002e-02
-5.785224497410863115e-02
-3.792999323444044835e-02
-5.094458392740225383e-02
-9.818503467273256846e-02
-2.619491486653282575e-01
-2.386124276308760062e-01
-9.493244740970813167e-02
1.239805273890656236e-02
3.788937172427578326e-02
-4.814934545673811572e-03
-7.825637716473934913e-02
-2.558398843190753391e-01
-2.489307514386611686e-01
-1.440245827982983839e-01
-3.586476620968005041e-02
1.096487208767891186e-01
3.957476756861966205e-01
3.692422624151039390e-01
1.227402103052133708e-01
-4.126453859871047347e-02
-1.351628798772302742e-01
-3.044576772710121948e-01
-2.718949709689358896e-01
-1.165581962582740855e-01
1.192329487951526192e-04
4.306678975095828282e-02
1.226986527071435573e-01
3.774375629183772118e-01
3.467340359441809516e-01
1.067413117268867229e-01
3.132623443752981240e-02
2.695821699349676415e-01
2.296402543245161243e-01
-1.274296096560630920e-01
-1.779617157786236581e-01
1.804448715808142645e-01
2.777093461896674720e-01
1.075502438084114665e-01
-4.121877638891620343e-02
-1.132409189813290695e-01
-6.029428364160701465e-02
1.066458583926657155e-01
1.288015944556547554e-01
2.175051705738250546e-02
-7.026081478323051299e-03
1.090509725364571386e-01
1.265978192273158054e-01
4.695032586115940876e-02
-5.026711711467669874e-02
-3.761900190173652486e-02
1.065578891506540893e-01
1.337300478915539326e-01
1.466105053532724967e-01
3.539263006647025978e-01
4.034242057239072476e-01
4.779709437389532134e-01
4.067378390936110533e-01
4.315935428473068880e-01
2.786180904942421876e-01
3.851561787096376144e-02
-1.308118414123549955e-01
-1.548568482543930536e-01
-1.011113303580197798e-01
-1.033929344038154174e-01
-2.626501846367392257e-01
-2.455882242067382315e-01
-1.044948125552801060e-01
3.957909311203518243e-02
1.955453521503853764e-01
1.322228181497069055e-01
-1.580525823020470788e-01
-2.440650478972415383e-01
-1.755628591754335999e-01
-6.756872692403384506e-02
-3.616778158496376794e-03
-1.481115818791387678e-02
-2.797542167188685897e-02
-4.960007475822396372e-02
-4.815884592822328170e-02
-5.637019982251671724e-02
-4.864777665136235663e-02
-5.524902272819495752e-02
-3.636337778779807212e-02
-5.920070040044693623e-03
1.179516621901969577e-02
-4.269420656885088150e-02
-2.376088079935398112e-01
-2.377554866541825851e-01
-1.029516465439648532e-01
4.474374197621581138e-03
-1.357222571165790648e-02
-2.073974383572444180e-01
-2.179780685033204934e-01
-1.040370274888215152e-01
-3.985294742038968108e-02
-1.336432597637996628e-02
-2.760847371210320769e-02
-2.087110256820941256e-02
1.163982813112711748e-03
3.220883260237290824e-03
-3.287060190361028311e-02
-4.774482310715639360e-02
-6.311358073549931669e-02
-4.417262209849561611e-02
-1.095352819962219781e-02
9.212608050989900405e-03
-4.382282516383656512e-02
-2.380535806165358093e-01
-2.028646465949052180e-01
4.813690941771518739e-02
1.527997268407924603e-01
1.085545338243882746e-01
2.817933904068841561e-02
-4.910844367094176210e-02
-1.173362697653873021e-01
-2.797133307779768874e-01
-2.494290333146041982e-01
-1.579412960700253832e-01
-2.386806194888667909e-01
-2.535478678497525284e-01
-3.111775438003333005e-01
-2.137769195200288352e-01
-1.360338282651607500e-02
2.015338650249763330e-01
2.204720649796153564e-01
1.548811202168532963e-01
1.814972464040280065e-01
1.375236293162739321e-01
4.600279768186533308e-02
-2.661927686262854920e-02
-8.256342575453357036e-02
-4.122275894349693853e-02
1.131204240737030409e-01
1.403715762740292694e-01
6.929102903112192846e-02
4.753969496758590242e-03
-2.185003642028998661e-02
-8.029634946362355918e-02
-2.636284465697850687e-01
-2.518698659460371636e-01
-1.094501760012440428e-01
1.832015693720168972e-03
4.315987466739015094e-02
4.109031940494747848e-02
6.118209169425946337e-02
1.644789376267296044e-01
1.541711918098234713e-01
1.017414995395858612e-01
1.500237277028633742e-01
1.571487408890510362e-01
1.905915912822615244e-01
1.191938022574439010e-01
-1.901758505479453007e-02
-7.845060462320020689e-02
1.683338709341902772e-02
3.181544012579804459e-01
3.336361684943739414e-01
9.056960925643428584e-02
-2.521644880013755863e-01
-3.047093818541924959e-01
-1.750016624333859405e-01
-8.235123953750624060e-02
1.202569504094944119e-02
1.633931357013467811e-01
1.142617827192332625e-01
-1.636204943712663007e-01
-2.325729232813465996e-01
-1.252766967298998280e-01
-1.847950534995013161e-02
1.105690467355384399e-01
3.848520946379332952e-01
4.025234144145286574e-01
3.128537684294062093e-01
1.379189005728831963e-01
-4.388567206518271396e-02
-1.073193777585770420e-01
-1.417129465566135949e-01
-2.920025010997251425e-01
-2.711062112819285774e-01
-1.581099264234700763e-01
-9.263514814982512502e-03
1.748235026458327124e-01
2.721904311390017650e-01
4.506398504572139974e-01
3.643032378021060502e-01
1.342180383178085412e-01
-2.461181409261792644e-02
-7.553819548751598834e-02
-1.233137188409483276e-01
-2.890776003390534976e-01
-2.293153519736808865e-01
3.637438755329761020e-02
1.481407650713948143e-01
4.917923507123569266e-02
-2.098580107787132165e-01
-2.095972033202185281e-01
3.335674823700017499e-02
1.300984793404216799e-01
5.338182175520216760e-02
2.370447326316246078e-02
1.288864640891496105e-01
1.718852427667566241e-01
2.138983964038481123e-01
1.373093687856962175e-01
-8.515846905499974140e-03
-7.340530166512559962e-02
-6.248816231803169807e-02
2.794873106066110557e-03
1.403672790275202198e-01
1.356848475526084008e-01
1.671436920229214113e-02
-1.064698443062813971e-01
-2.955330584939832583e-01
-3.260623677563217471e-01
-3.621174828022081793e-01
-2.410095095841819079e-01
-6.082152420138450810e-02
4.564834251221690925e-02
1.519069686044105805e-01
4.060540296546730765e-01
4.118461213871933424e-01
3.164960955852923474e-01
1.392070157903258498e-01
-4.346438710272475942e-02
-1.648897354557623540e-01
-3.328336157024273101e-01
-2.987203061586487518e-01
-1.704745224372459234e-01
